Car ID	Vehicle	VType	Day	ReqT	EntHr	EntMin	ExitHr	ExitMin	TDelay	IdleT	TBill	Fine	PL No.	PLZone	nFree	nFill	Tries	DFS	IdleVeh	tFree	z1Free	z2Free	z3Free	z4Free	dReq	
941	Faculty	2	1	48	8	40	8	41	48	2382	1	0	5	2	9	3	1	365	6	88	11	47	8	22	0	
938	Student	3	1	1228	8	39	8	59	1228	2321	23	0	7	1	0	3	1	354	6	88	11	47	8	22	1	
962	Visitor	1	1	5105	8	0	8	0	0	0	0	0	0	0	0	0	2	672	16	0	0	0	0	0	1	
940	Staff	5	1	2399	8	39	9	19	2399	2321	30	0	8	1	1	2	1	354	7	88	11	47	8	22	2	
980	Visitor	1	1	6585	8	0	8	0	0	0	0	0	0	0	0	0	2	672	19	0	0	0	0	0	4	
967	Student	3	1	3209	8	0	8	0	0	0	0	0	0	0	0	0	2	672	18	0	0	0	0	0	5	
986	Visitor	1	1	816	8	0	8	0	0	0	0	0	0	0	0	0	2	672	21	0	0	0	0	0	7	
978	Student	3	1	1214	8	0	8	0	0	0	0	0	0	0	0	0	2	672	21	0	0	0	0	0	7	
952	Student	3	1	1577	9	5	9	31	1577	3880	30	0	5	2	4	8	1	365	13	72	3	39	8	22	8	
973	Student	3	1	11510	8	0	8	0	0	0	0	0	0	0	0	0	2	672	21	0	0	0	0	0	8	
987	Student	3	1	426	8	0	8	0	0	0	0	0	0	0	0	0	2	672	21	0	0	0	0	0	9	
992	Faculty	2	1	5247	8	0	8	0	0	0	0	0	0	0	0	0	2	672	18	0	0	0	0	0	9	
960	Visitor	1	1	2263	9	9	9	46	2263	4116	94	0	6	2	4	8	1	365	14	70	3	37	8	22	10	
963	Faculty	2	1	1946	9	15	9	48	1946	4525	57	0	5	2	3	9	1	365	15	68	3	35	8	22	10	
991	Student	3	1	2978	8	0	8	0	0	0	0	0	0	0	0	0	2	672	18	0	0	0	0	0	11	
946	Faculty	2	1	3689	8	47	9	49	3689	2842	108	0	6	2	8	4	1	365	7	84	8	46	8	22	11	
1009	Student	3	1	7236	8	0	8	0	0	0	0	0	0	0	0	0	2	672	18	0	0	0	0	0	11	
1012	Student	3	1	8094	8	0	8	0	0	0	0	0	0	0	0	0	2	672	18	0	0	0	0	0	11	
934	Staff	5	1	5453	8	27	9	58	5453	1649	68	0	8	1	2	1	1	354	6	94	14	50	8	22	11	
1004	Student	3	1	6790	8	0	8	0	0	0	0	0	0	0	0	0	2	672	22	0	0	0	0	0	11	
977	Staff	5	1	1930	9	35	10	7	1930	5682	24	0	6	2	1	11	1	365	18	63	2	31	8	22	11	
1006	Staff	5	1	11441	8	0	8	0	0	0	0	0	0	0	0	0	2	672	20	0	0	0	0	0	11	
1011	Student	3	1	4310	8	0	8	0	0	0	0	0	0	0	0	0	2	672	19	0	0	0	0	0	11	
997	Visitor	1	1	25	9	59	9	60	25	7157	1	0	5	2	1	11	2	365	19	53	3	24	5	21	11	
955	Visitor	1	1	3964	9	1	10	7	3964	3673	165	0	9	1	1	4	1	384	13	75	4	41	8	22	11	
1013	Student	3	1	5315	8	0	8	0	0	0	0	0	0	0	0	0	2	672	15	0	0	0	0	0	11	
933	Student	3	1	5723	8	36	10	11	5723	2141	107	0	7	1	0	3	1	354	7	89	11	48	8	22	11	
948	Visitor	1	1	5037	8	50	10	14	5037	3006	210	0	10	1	3	2	1	384	9	84	8	46	8	22	12	
935	Student	3	1	4993	8	35	9	58	4993	2105	94	0	5	2	9	3	1	365	8	90	12	48	8	22	12	
943	Visitor	1	1	5262	8	42	10	9	5262	2498	219	0	6	2	8	4	1	365	5	88	11	47	8	22	12	
975	Faculty	2	1	3671	9	26	10	27	3671	5177	107	0	10	1	0	5	1	384	18	64	2	32	8	22	12	
949	Faculty	2	1	5706	8	51	10	26	5706	3076	166	0	5	2	8	4	1	365	9	83	8	45	8	22	12	
953	Visitor	1	1	5588	8	57	10	30	5588	3425	233	0	5	2	7	5	1	365	14	79	5	44	8	22	12	
990	Faculty	2	1	3152	9	37	10	29	3152	5802	92	0	4	2	9	4	1	386	18	62	2	30	8	22	12	
1014	Student	3	1	9664	8	0	8	0	0	0	0	0	0	0	0	0	2	672	9	0	0	0	0	0	12	
972	Student	3	1	2457	9	41	10	22	2457	6058	46	0	6	2	1	11	2	365	20	61	2	30	7	22	12	
1016	Visitor	1	1	702	10	4	10	16	702	7451	29	0	3	2	10	3	1	386	22	51	3	22	5	21	12	
998	Faculty	2	1	1212	10	13	10	33	1212	7959	35	0	5	2	3	9	2	365	16	52	4	23	4	21	12	
1001	Staff	5	1	1853	9	51	10	22	1853	6675	23	0	4	2	8	5	1	386	20	58	2	29	6	21	12	
1038	Visitor	1	1	6088	8	0	8	0	0	0	0	0	0	0	0	0	2	672	10	0	0	0	0	0	12	
1005	Faculty	2	1	2949	9	53	10	42	2949	6795	86	0	3	2	11	2	1	386	19	58	2	29	6	21	12	
1027	Visitor	1	1	948	10	29	10	45	948	8938	40	0	4	2	6	7	1	386	13	46	3	19	3	21	12	
1035	Visitor	1	1	379	10	48	10	54	379	10065	16	0	3	2	6	7	1	386	12	46	1	22	2	21	14	
965	Faculty	2	1	5674	9	19	10	54	5674	4738	166	0	5	2	3	9	1	365	16	66	2	34	8	22	15	
956	Visitor	1	1	6079	9	4	10	46	6079	3865	253	0	9	1	1	4	1	384	14	73	3	40	8	22	15	
1032	Visitor	1	1	848	10	28	10	42	848	8893	35	0	3	2	5	8	1	386	14	45	2	19	3	21	15	
932	Visitor	1	1	9074	8	23	10	54	9074	1364	378	0	5	2	11	1	1	365	2	95	15	50	8	22	15	
1029	Student	3	1	1201	10	30	10	50	1201	9015	23	0	3	2	5	8	1	386	12	45	2	19	3	21	15	
1040	Visitor	1	1	7334	8	0	8	0	0	0	0	0	0	0	0	0	2	672	11	0	0	0	0	0	15	
1043	Visitor	1	1	6293	8	0	8	0	0	0	0	0	0	0	0	0	2	672	10	0	0	0	0	0	15	
1042	Staff	5	1	295	8	0	8	0	0	0	0	0	0	0	0	0	2	672	10	0	0	0	0	0	15	
971	Visitor	1	1	6113	9	28	11	10	6113	5283	255	0	5	2	3	9	1	365	17	64	2	32	8	22	16	
930	Student	3	1	9912	8	20	11	5	9912	1176	186	0	7	1	2	1	1	354	3	96	15	51	8	22	16	
1051	Staff	5	1	3624	8	0	8	0	0	0	0	0	0	0	0	0	2	672	3	0	0	0	0	0	16	
1049	Student	3	1	419	11	12	11	19	419	11524	8	0	4	2	4	9	1	386	10	49	3	23	2	21	16	
942	Faculty	2	1	8693	8	45	11	10	8693	2715	254	0	9	1	4	1	1	384	8	86	9	47	8	22	16	
999	Visitor	1	1	5496	9	48	11	20	5496	6488	229	0	3	2	12	1	1	386	21	58	2	29	6	21	16	
969	Visitor	1	1	6315	9	26	11	11	6315	5138	263	0	6	2	1	11	1	365	18	65	2	33	8	22	16	
959	Student	3	1	7871	9	9	11	20	7871	4136	148	0	5	2	4	8	1	365	13	70	3	37	8	22	16	
958	Student	3	1	7984	9	6	11	19	7984	3960	150	0	10	1	1	4	1	384	14	71	3	38	8	22	16	
947	Student	3	1	9129	8	47	11	19	9129	2813	171	0	10	1	3	2	1	384	8	84	8	46	8	22	16	
1031	Visitor	1	1	3345	10	23	11	19	3345	8608	139	0	8	1	1	2	1	354	16	46	3	18	4	21	16	
1048	Student	3	1	14124	8	0	8	0	0	0	0	0	0	0	0	0	2	672	3	0	0	0	0	0	16	
1025	Student	3	1	2376	10	26	11	5	2376	8745	45	0	4	2	6	7	1	386	14	47	3	19	4	21	16	
993	Faculty	2	1	5428	9	43	11	13	5428	6181	158	0	4	2	8	5	1	386	20	60	2	29	7	22	16	
1018	Student	3	1	2677	10	38	11	23	2677	9481	50	0	6	2	1	11	2	365	8	44	0	21	2	21	16	
1015	Staff	5	1	4213	10	24	11	34	4213	8624	53	0	6	2	0	12	1	365	14	46	3	18	4	21	16	
1017	Visitor	1	1	3150	10	19	11	12	3150	8351	131	0	3	2	8	5	1	386	16	49	4	20	4	21	16	
961	Staff	5	1	7624	9	12	11	19	7624	4310	95	0	6	2	3	9	1	365	14	68	3	35	8	22	16	
976	Student	3	1	7375	9	30	11	33	7375	5388	138	0	7	1	0	3	1	354	16	63	2	31	8	22	16	
982	Visitor	1	1	7057	9	45	11	43	7057	6329	294	0	0	4	10	1	1	672	20	59	2	29	7	21	16	
1044	Faculty	2	1	3098	10	50	11	42	3098	10206	90	0	4	2	6	7	1	386	11	45	1	21	2	21	16	
1041	Student	3	1	2936	10	57	11	46	2936	10636	55	0	4	2	4	9	1	386	11	47	1	23	2	21	16	
1058	Student	3	1	656	11	28	11	39	656	12492	12	0	8	1	0	3	1	354	3	53	4	27	1	21	16	
1030	Student	3	1	4193	10	31	11	41	4193	9046	79	0	8	1	0	3	1	354	11	44	2	19	2	21	16	
954	Visitor	1	1	10008	8	58	11	45	10008	3486	417	0	9	1	1	4	1	384	13	77	4	43	8	22	16	
951	Faculty	2	1	9902	8	58	11	43	9902	3506	289	0	10	1	2	3	1	384	12	77	4	43	8	22	16	
1007	Student	3	1	5848	10	12	11	50	5848	7934	110	0	12	3	2	2	2	654	17	53	5	23	4	21	16	
1028	Student	3	1	4462	10	36	11	50	4462	9357	84	0	12	3	1	3	1	654	10	45	1	21	2	21	16	
931	Student	3	1	12216	8	22	11	45	12216	1312	229	0	6	2	10	2	1	365	2	96	15	51	8	22	16	
1037	Visitor	1	1	4445	10	33	11	47	4445	9185	185	0	7	1	0	3	1	354	12	45	2	20	2	21	16	
929	Staff	5	1	12799	8	16	11	49	12799	961	160	0	6	2	11	1	1	365	3	98	16	52	8	22	16	
1046	Visitor	1	1	2721	11	6	11	52	2721	11178	113	0	4	2	3	10	1	386	9	47	2	22	2	21	16	
964	Visitor	1	1	9858	9	9	11	54	9858	4160	411	0	8	1	0	3	1	354	12	69	3	36	8	22	16	
968	Staff	5	1	9685	9	22	12	4	9685	4945	121	0	6	2	1	11	1	365	17	66	3	33	8	22	16	
985	Faculty	2	1	9128	9	32	12	4	9128	5503	266	0	4	2	10	3	1	386	18	62	2	30	8	22	16	
984	Visitor	1	1	9208	9	28	12	1	9208	5254	384	0	4	2	12	1	1	386	18	64	2	32	8	22	16	
1010	Staff	5	1	7541	10	10	12	15	7541	7786	94	0	6	2	1	11	1	365	20	52	4	23	4	21	16	
1026	Staff	5	1	6633	10	23	12	13	6633	8573	83	0	9	1	0	5	1	384	16	46	3	18	4	21	16	
989	Visitor	1	1	8865	9	51	12	18	8865	6643	369	0	11	3	2	2	2	654	21	58	2	29	6	21	16	
1023	Student	3	1	7386	10	21	12	24	7386	8443	138	0	6	2	0	12	2	365	16	48	4	19	4	21	16	
1008	Faculty	2	1	7795	10	5	12	15	7795	7506	227	0	6	2	0	12	1	365	22	51	3	22	5	21	16	
994	Faculty	2	1	8582	9	57	12	20	8582	7039	250	0	12	3	3	1	2	654	18	54	2	26	5	21	16	
1047	Staff	5	1	3339	11	26	12	21	3339	12340	42	0	11	3	0	4	2	654	2	54	5	27	1	21	16	
1045	Student	3	1	5347	10	53	12	23	5347	10405	100	0	3	2	6	7	1	386	9	45	1	21	2	21	16	
1055	Visitor	1	1	4067	11	19	12	27	4067	11959	169	0	3	2	6	7	1	386	5	46	2	22	1	21	17	
1068	Faculty	2	1	2896	11	47	12	36	2896	13637	84	0	8	1	1	2	1	354	5	56	8	25	1	22	17	
1072	Faculty	2	1	1887	12	10	12	42	1887	15013	55	0	8	1	0	3	1	354	4	59	5	29	3	22	17	
1070	Staff	5	1	2566	11	57	12	40	2566	14226	32	0	8	1	1	2	1	354	5	60	8	27	3	22	17	
1086	Student	3	1	13433	8	0	8	0	0	0	0	0	0	0	0	0	2	672	3	0	0	0	0	0	17	
1053	Faculty	2	1	5881	11	12	12	50	5881	11540	172	0	3	2	5	8	1	386	9	49	3	23	2	21	17	
1080	Student	3	1	1020	12	24	12	41	1020	15860	19	0	10	1	1	4	1	384	4	61	3	30	6	22	17	
1039	Faculty	2	1	7526	10	39	12	44	7526	9510	220	0	10	1	0	5	1	384	8	44	0	21	2	21	17	
979	Student	3	1	11291	9	39	12	48	11291	5960	212	0	11	3	3	1	1	654	18	61	2	30	7	22	17	
1056	Student	3	1	5158	11	18	12	44	5158	11884	97	0	5	2	7	5	1	365	6	48	2	23	2	21	17	
1062	Student	3	1	4068	11	44	12	52	4068	13433	76	0	6	2	3	9	1	365	5	52	7	23	1	21	17	
1083	Student	3	1	1739	12	39	13	8	1739	16731	33	0	6	2	3	9	1	365	3	60	3	29	6	22	17	
1064	Student	3	1	4361	11	52	13	4	4361	13904	82	0	5	2	3	9	1	365	6	60	9	26	3	22	17	
1073	Visitor	1	1	3669	12	4	13	5	3669	14624	153	0	7	1	0	3	1	354	4	59	6	28	3	22	17	
1075	Faculty	2	1	3389	12	12	13	9	3389	15138	99	0	10	1	2	3	1	384	3	58	4	29	3	22	17	
1054	Staff	5	1	6865	11	18	13	12	6865	11871	86	0	9	1	1	4	1	384	7	48	2	23	2	21	17	
1002	Student	3	1	11230	10	6	13	13	11230	7560	211	0	5	2	3	9	1	365	21	52	3	23	5	21	17	
1024	Visitor	1	1	10451	10	18	13	12	10451	8276	435	0	9	1	0	5	1	384	18	49	4	20	4	21	17	
1089	Staff	5	1	1145	12	56	13	15	1145	17750	14	0	10	1	2	3	1	384	4	66	6	31	7	22	17	
966	Student	3	1	14157	9	19	13	15	14157	4720	265	0	6	2	2	10	1	365	17	66	2	34	8	22	17	
1060	Visitor	1	1	5727	11	44	13	19	5727	13430	239	0	5	2	3	9	1	365	6	52	7	23	1	21	17	
1019	Staff	5	1	12413	10	12	13	39	12413	7942	155	0	3	2	8	5	1	386	16	53	5	23	4	21	17	
1092	Faculty	2	1	1309	13	11	13	33	1309	18662	38	0	10	1	1	4	1	384	7	67	6	32	7	22	17	
1093	Student	3	1	248	13	23	13	27	248	19369	5	0	6	2	3	9	1	365	14	65	5	31	7	22	17	
1033	Student	3	1	10546	10	37	13	33	10546	9429	198	0	3	2	4	9	1	386	9	44	0	21	2	21	17	
1114	Student	3	1	669	8	0	8	0	0	0	0	0	0	0	0	0	2	672	33	0	0	0	0	0	20	
1095	Visitor	1	1	1975	13	15	13	47	1975	18871	82	0	8	1	1	2	1	354	7	67	6	32	7	22	20	
1118	Student	3	1	8433	8	0	8	0	0	0	0	0	0	0	0	0	2	672	30	0	0	0	0	0	20	
1091	Visitor	1	1	2225	13	8	13	45	2225	18473	93	0	10	1	0	5	1	384	7	65	5	31	7	22	22	
1036	Student	3	1	10914	10	46	13	48	10914	9964	252	47	10	1	0	5	1	384	11	45	0	22	2	21	24	
1085	Visitor	1	1	4510	12	30	13	45	4510	16201	188	0	6	2	4	8	1	365	5	60	2	30	6	22	24	
1061	Student	3	1	7068	11	49	13	47	7068	13723	133	0	5	2	3	9	1	365	5	57	9	25	1	22	24	
1128	Visitor	1	1	7054	8	0	8	0	0	0	0	0	0	0	0	0	2	672	30	0	0	0	0	0	24	
1115	Student	3	1	5512	8	0	8	0	0	0	0	0	0	0	0	0	2	672	27	0	0	0	0	0	24	
1034	Student	3	1	11585	10	41	13	54	11585	9641	217	0	3	2	4	9	1	386	9	44	0	21	2	21	24	
1107	Staff	5	1	615	13	41	13	51	615	20436	8	0	6	2	1	11	1	365	25	58	1	28	7	22	24	
1105	Staff	5	1	1398	13	31	13	54	1398	19869	17	0	5	2	2	10	1	365	20	59	2	28	7	22	24	
1112	Student	3	1	13845	8	0	8	0	0	0	0	0	0	0	0	0	2	672	30	0	0	0	0	0	24	
1123	Staff	5	1	8673	8	0	8	0	0	0	0	0	0	0	0	0	2	672	31	0	0	0	0	0	24	
1131	Faculty	2	1	10083	8	0	8	0	0	0	0	0	0	0	0	0	2	672	29	0	0	0	0	0	26	
1141	Student	3	1	613	8	0	8	0	0	0	0	0	0	0	0	0	2	672	30	0	0	0	0	0	26	
1136	Student	3	1	5079	8	0	8	0	0	0	0	0	0	0	0	0	2	672	28	0	0	0	0	0	27	
1144	Faculty	2	1	6274	8	0	8	0	0	0	0	0	0	0	0	0	2	672	31	0	0	0	0	0	27	
1000	Staff	5	1	14068	10	16	14	10	14068	8138	176	0	5	2	3	9	2	365	17	49	3	21	4	21	27	
1050	Student	3	1	10672	11	15	14	13	10672	11724	200	0	4	2	4	9	1	386	8	48	3	22	2	21	27	
1113	Visitor	1	1	1288	13	58	14	19	1288	21476	54	0	11	3	2	2	2	654	31	55	2	26	5	22	32	
1122	Staff	5	1	12264	8	0	8	0	0	0	0	0	0	0	0	0	2	672	31	0	0	0	0	0	32	
1154	Student	3	1	13951	8	0	8	0	0	0	0	0	0	0	0	0	2	672	30	0	0	0	0	0	32	
1140	Staff	5	1	12704	8	0	8	0	0	0	0	0	0	0	0	0	2	672	31	0	0	0	0	0	32	
1063	Visitor	1	1	8579	11	54	14	17	8579	14067	357	0	6	2	5	7	1	365	5	61	9	27	3	22	32	
1052	Faculty	2	1	9704	11	16	13	57	9704	11733	283	0	5	2	7	5	2	365	7	48	3	22	2	21	32	
1088	Staff	5	1	5537	12	58	14	30	5537	17886	69	0	6	2	3	9	1	365	3	66	6	31	7	22	32	
1077	Staff	5	1	8491	12	10	14	31	8491	14997	106	0	6	2	5	7	1	365	5	59	5	29	3	22	32	
1160	Student	3	1	3473	8	0	8	0	0	0	0	0	0	0	0	0	2	672	30	0	0	0	0	0	32	
1167	Student	3	1	62	14	35	14	36	62	23710	1	0	3	2	3	10	1	386	28	40	1	13	4	22	32	
1165	Staff	5	1	7344	8	0	8	0	0	0	0	0	0	0	0	0	2	672	28	0	0	0	0	0	33	
1090	Visitor	1	1	5579	13	1	14	34	5579	18087	232	0	5	2	3	9	1	365	3	65	6	30	7	22	34	
1168	Student	3	1	795	8	0	8	0	0	0	0	0	0	0	0	0	2	672	27	0	0	0	0	0	34	
1169	Faculty	2	1	5742	8	0	8	0	0	0	0	0	0	0	0	0	2	672	26	0	0	0	0	0	34	
1158	Faculty	2	1	547	14	21	14	31	547	22889	16	0	3	2	5	8	1	386	30	42	0	17	3	22	34	
1022	Student	3	1	14400	10	33	14	33	14400	9208	270	0	11	3	1	3	1	654	11	45	2	20	2	21	34	
1121	Student	3	1	2638	13	46	14	30	2638	20786	49	0	10	1	0	5	1	384	29	57	1	27	7	22	34	
1100	Faculty	2	1	3789	13	28	14	31	3789	19654	111	0	10	1	1	4	1	384	19	61	3	29	7	22	34	
1021	Staff	5	1	14665	10	19	14	23	14665	8322	183	0	4	2	5	8	1	386	17	49	4	20	4	21	34	
1149	Visitor	1	1	1732	8	0	8	0	0	0	0	0	0	0	0	0	2	672	26	0	0	0	0	0	34	
1170	Faculty	2	1	1856	8	0	8	0	0	0	0	0	0	0	0	0	2	672	23	0	0	0	0	0	35	
1177	Faculty	2	1	950	8	0	8	0	0	0	0	0	0	0	0	0	2	672	22	0	0	0	0	0	35	
1175	Visitor	1	1	2214	8	0	8	0	0	0	0	0	0	0	0	0	2	672	24	0	0	0	0	0	36	
1098	Visitor	1	1	4312	13	28	14	39	4312	19658	180	0	5	2	2	10	1	365	18	61	3	29	7	22	37	
1084	Staff	5	1	7750	12	32	14	42	7750	16344	97	0	9	1	1	4	1	384	4	60	2	30	6	22	37	
1097	Staff	5	1	5070	13	21	14	45	5070	19251	63	0	8	1	0	3	1	354	13	64	5	30	7	22	37	
1079	Student	3	1	8197	12	19	14	36	8197	15535	154	0	6	2	6	6	1	365	5	58	3	30	3	22	37	
1184	Faculty	2	1	308	14	43	14	48	308	24160	9	0	10	1	0	5	1	384	27	40	0	14	4	22	37	
1143	Visitor	1	1	3024	13	56	14	46	3024	21340	126	0	8	1	0	3	1	354	35	57	2	27	6	22	37	
1186	Staff	5	1	3055	8	0	8	0	0	0	0	0	0	0	0	0	2	672	22	0	0	0	0	0	39	
1191	Student	3	1	9824	8	0	8	0	0	0	0	0	0	0	0	0	2	672	24	0	0	0	0	0	40	
1166	Staff	5	1	1565	14	30	14	57	1565	23427	20	0	3	2	2	11	1	386	29	39	0	14	3	22	41	
1194	Staff	5	1	11331	8	0	8	0	0	0	0	0	0	0	0	0	2	672	25	0	0	0	0	0	41	
1189	Student	3	1	14080	8	0	8	0	0	0	0	0	0	0	0	0	2	672	23	0	0	0	0	0	41	
1163	Staff	5	1	79	14	58	14	60	79	25099	1	0	11	3	2	2	2	654	22	39	3	11	3	22	41	
1199	Staff	5	1	8146	8	0	8	0	0	0	0	0	0	0	0	0	2	672	23	0	0	0	0	0	41	
1130	Student	3	1	4200	13	44	14	54	4200	20621	79	0	3	2	11	2	1	386	26	56	1	26	7	22	41	
1116	Student	3	1	3210	14	7	15	1	3210	22038	60	0	12	3	2	2	2	654	30	51	1	24	4	22	41	
1203	Staff	5	1	116	15	5	15	6	116	25473	1	0	3	2	4	9	1	386	23	44	4	13	5	22	41	
1172	Visitor	1	1	2017	14	39	15	13	2017	23959	84	0	3	2	4	9	1	386	26	39	0	13	4	22	41	
1206	Student	3	1	3490	8	0	8	0	0	0	0	0	0	0	0	0	2	672	24	0	0	0	0	0	43	
1150	Visitor	1	1	2399	14	18	14	58	2399	22692	100	0	4	2	3	10	1	386	28	42	0	18	2	22	43	
1071	Student	3	1	10916	11	59	15	0	10916	14312	253	48	7	1	2	1	1	354	3	60	8	27	3	22	43	
1178	Visitor	1	1	8005	8	0	8	0	0	0	0	0	0	0	0	0	2	672	25	0	0	0	0	0	43	
1078	Staff	5	1	9976	12	21	15	7	9976	15645	125	0	9	1	2	3	1	384	5	59	3	30	4	22	43	
1057	Student	3	1	13943	11	24	15	16	13943	12216	261	0	5	2	7	5	1	365	4	54	5	27	1	21	43	
1180	Faculty	2	1	1882	14	40	15	12	1882	24016	55	0	4	2	1	12	1	386	26	39	0	13	4	22	44	
1108	Student	3	1	5847	13	38	15	16	5847	20291	110	0	9	1	0	5	1	384	27	58	2	27	7	22	44	
1201	Student	3	1	10842	8	0	8	0	0	0	0	0	0	0	0	0	2	672	26	0	0	0	0	0	44	
1214	Faculty	2	1	8172	8	0	8	0	0	0	0	0	0	0	0	0	2	672	22	0	0	0	0	0	44	
1209	Student	3	1	10767	8	0	8	0	0	0	0	0	0	0	0	0	2	672	19	0	0	0	0	0	44	
1081	Faculty	2	1	9607	12	32	15	12	9607	16325	280	0	6	2	4	8	1	365	5	60	2	30	6	22	45	
1074	Student	3	1	11762	12	7	15	23	11762	14811	621	401	7	1	0	3	1	354	3	60	5	30	3	22	45	
1204	Visitor	1	1	5399	8	0	8	0	0	0	0	0	0	0	0	0	2	672	15	0	0	0	0	0	46	
1213	Student	3	1	4722	8	0	8	0	0	0	0	0	0	0	0	0	2	672	11	0	0	0	0	0	46	
1134	Visitor	1	1	4308	14	17	15	29	4308	22640	179	0	12	3	1	3	2	654	30	43	0	19	2	22	47	
1151	Student	3	1	3879	14	23	15	28	3879	22971	73	0	4	2	3	10	1	386	30	42	0	17	3	22	47	
1106	Student	3	1	6977	13	43	15	39	6977	20564	131	0	5	2	2	10	1	365	26	57	1	27	7	22	49	
1227	Faculty	2	1	5369	8	0	8	0	0	0	0	0	0	0	0	0	2	672	13	0	0	0	0	0	49	
1232	Faculty	2	1	774	15	26	15	39	774	26750	23	0	6	2	0	12	1	365	21	33	3	7	2	21	49	
1164	Staff	5	1	4381	14	28	15	41	4381	23256	55	0	3	2	3	10	1	386	31	41	0	16	3	22	49	
1124	Student	3	1	6101	13	39	15	21	6101	20364	114	0	4	2	10	3	1	386	27	57	1	27	7	22	49	
1182	Student	3	1	3222	14	54	15	47	3222	24825	60	0	4	2	1	12	1	386	21	39	3	10	4	22	51	
1219	Student	3	1	1463	15	10	15	34	1463	25787	27	0	8	1	1	2	1	354	25	43	3	13	5	22	51	
1155	Faculty	2	1	4631	14	19	15	36	4631	22717	135	0	10	1	0	5	1	384	28	43	0	19	2	22	51	
1230	Visitor	1	1	3485	8	0	8	0	0	0	0	0	0	0	0	0	2	672	10	0	0	0	0	0	51	
1240	Staff	5	1	471	8	0	8	0	0	0	0	0	0	0	0	0	2	672	11	0	0	0	0	0	51	
1067	Student	3	1	13832	11	58	15	49	13832	14299	259	0	5	2	3	9	1	365	4	60	8	27	3	22	51	
1207	Visitor	1	1	1467	15	17	15	41	1467	26212	61	0	11	3	0	4	1	654	26	36	2	10	2	22	51	
1096	Faculty	2	1	8524	13	18	15	40	8524	19066	249	0	8	1	0	3	1	354	10	67	6	32	7	22	51	
1183	Faculty	2	1	3892	14	35	15	40	3892	23705	114	0	10	1	1	4	1	384	29	40	1	13	4	22	51	
1125	Staff	5	1	5672	13	59	15	34	5672	21558	71	0	6	2	0	12	2	365	29	54	1	26	5	22	51	
1242	Student	3	1	6869	8	0	8	0	0	0	0	0	0	0	0	0	2	672	7	0	0	0	0	0	51	
1243	Faculty	2	1	8835	8	0	8	0	0	0	0	0	0	0	0	0	2	672	7	0	0	0	0	0	51	
1195	Faculty	2	1	2725	14	43	15	29	2725	24193	79	0	6	2	2	10	1	365	25	39	0	13	4	22	51	
1145	Staff	5	1	5917	14	18	15	56	5917	22668	74	0	6	2	0	12	1	365	29	42	0	18	2	22	51	
1238	Student	3	1	6807	8	0	8	0	0	0	0	0	0	0	0	0	2	672	7	0	0	0	0	0	52	
1250	Student	3	1	6980	8	0	8	0	0	0	0	0	0	0	0	0	2	672	7	0	0	0	0	0	52	
1188	Staff	5	1	4653	14	42	16	0	4653	24147	58	0	5	2	4	8	1	365	27	40	0	14	4	22	52	
1157	Student	3	1	4714	14	33	15	52	4714	23578	88	0	4	2	1	12	1	386	31	42	2	15	3	22	52	
1146	Staff	5	1	6845	14	4	15	58	6845	21857	86	0	10	1	1	4	1	384	30	52	1	25	4	22	52	
1101	Student	3	1	9196	13	22	15	55	9196	19328	172	0	9	1	2	3	1	384	14	65	5	31	7	22	52	
1087	Staff	5	1	11052	12	51	15	55	11052	17470	138	0	6	2	2	10	1	365	3	66	7	30	7	22	52	
1119	Visitor	1	1	8359	13	41	16	1	8359	20483	348	0	10	1	0	5	1	384	25	58	1	28	7	22	52	
1254	Student	3	1	8434	8	0	8	0	0	0	0	0	0	0	0	0	2	672	10	0	0	0	0	0	52	
1129	Student	3	1	8567	13	57	16	20	8567	21407	161	0	4	2	7	6	1	386	32	55	2	26	5	22	52	
1117	Staff	5	1	8815	13	55	16	22	8815	21290	110	0	6	2	1	11	1	365	35	56	2	26	6	22	52	
1185	Student	3	1	6228	14	41	16	25	6228	24064	117	0	5	2	4	8	1	365	26	41	0	15	4	22	52	
1176	Faculty	2	1	6211	14	44	16	27	6211	24234	181	0	3	2	4	9	1	386	24	39	0	13	4	22	52	
1110	Faculty	2	1	10011	13	39	16	26	10011	20369	292	0	6	2	1	11	1	365	26	57	1	27	7	22	52	
1187	Staff	5	1	6148	14	46	16	28	6148	24361	77	0	5	2	4	8	1	365	24	39	1	12	4	22	53	
1202	Staff	5	1	4940	14	56	16	18	4940	24958	62	0	10	1	0	5	1	384	21	39	3	10	4	22	54	
1181	Visitor	1	1	6492	14	49	16	37	6492	24527	271	0	4	2	1	12	1	386	23	40	3	11	4	22	56	
1231	Visitor	1	1	3705	15	23	16	25	3705	26577	154	0	5	2	3	9	1	365	24	33	2	8	2	21	56	
1263	Student	3	1	1060	16	19	16	37	1060	29954	20	0	5	2	3	9	1	365	15	39	4	13	2	20	56	
1102	Student	3	1	10659	13	31	16	29	10659	19863	200	0	6	2	2	10	1	365	21	59	2	28	7	22	56	
1217	Visitor	1	1	4948	15	7	16	29	4948	25601	206	0	7	1	0	3	1	354	24	42	3	12	5	22	56	
1215	Visitor	1	1	4649	15	13	16	30	4649	25961	194	0	3	2	3	10	1	386	26	40	3	12	3	22	56	
1153	Staff	5	1	8456	14	16	16	37	8456	22577	106	0	3	2	8	5	1	386	30	44	0	20	2	22	56	
1270	Staff	5	1	1045	8	0	8	0	0	0	0	0	0	0	0	0	2	672	22	0	0	0	0	0	56	
1273	Student	3	1	14162	8	0	8	0	0	0	0	0	0	0	0	0	2	672	19	0	0	0	0	0	56	
1276	Student	3	1	3058	8	0	8	0	0	0	0	0	0	0	0	0	2	672	20	0	0	0	0	0	56	
1200	Student	3	1	4015	15	26	16	33	4015	26765	75	0	5	2	3	9	2	365	20	33	3	7	2	21	56	
1268	Student	3	1	12352	8	0	8	0	0	0	0	0	0	0	0	0	2	672	19	0	0	0	0	0	56	
1162	Student	3	1	8641	14	25	16	49	8641	23074	162	0	3	2	4	9	1	386	31	42	0	17	3	22	56	
1256	Faculty	2	1	2003	16	9	16	43	2003	29347	58	0	4	2	3	10	1	386	11	40	5	13	2	20	58	
1290	Staff	5	1	134	16	37	16	40	134	31049	2	0	8	1	1	2	1	354	23	40	2	17	2	19	58	
1221	Faculty	2	1	4708	15	25	16	43	4708	26682	137	0	3	2	1	12	1	386	23	34	3	8	2	21	59	
1225	Visitor	1	1	4791	15	38	16	58	4791	27476	200	0	3	2	1	12	1	386	14	36	4	10	2	20	60	
1296	Staff	5	1	8687	8	0	8	0	0	0	0	0	0	0	0	0	2	672	22	0	0	0	0	0	60	
1156	Faculty	2	1	8483	14	28	16	49	8483	23283	247	0	4	2	4	9	1	386	29	40	0	15	3	22	61	
1135	Student	3	1	9337	14	17	16	53	9337	22646	175	0	11	3	1	3	2	654	29	43	0	19	2	22	61	
1111	Student	3	1	11039	13	53	16	57	11039	21167	207	0	12	3	3	1	2	654	33	56	2	26	6	22	61	
1298	Student	3	1	10501	8	0	8	0	0	0	0	0	0	0	0	0	2	672	21	0	0	0	0	0	61	
1289	Student	3	1	7025	8	0	8	0	0	0	0	0	0	0	0	0	2	672	16	0	0	0	0	0	61	
1216	Visitor	1	1	5709	15	31	17	6	5709	27076	238	0	3	2	1	12	1	386	16	33	2	8	2	21	61	
1294	Visitor	1	1	7949	8	0	8	0	0	0	0	0	0	0	0	0	2	672	20	0	0	0	0	0	61	
1293	Visitor	1	1	7758	8	0	8	0	0	0	0	0	0	0	0	0	2	672	19	0	0	0	0	0	61	
1126	Student	3	1	10831	14	7	17	8	10831	22037	203	0	6	2	0	12	2	365	31	51	1	24	4	22	61	
1198	Faculty	2	1	7757	15	0	17	10	7757	25219	226	0	6	2	1	11	1	365	21	40	3	12	3	22	61	
1284	Faculty	2	1	1554	16	36	17	2	1554	30942	45	0	7	1	0	3	1	354	23	41	4	16	2	19	61	
1301	Student	3	1	11815	8	0	8	0	0	0	0	0	0	0	0	0	2	672	14	0	0	0	0	0	61	
1310	Student	3	1	3501	8	0	8	0	0	0	0	0	0	0	0	0	2	672	17	0	0	0	0	0	61	
1305	Student	3	1	10505	8	0	8	0	0	0	0	0	0	0	0	0	2	672	13	0	0	0	0	0	61	
1094	Student	3	1	12184	13	31	16	54	12184	19839	228	0	5	2	2	10	2	365	21	59	2	28	7	22	61	
1252	Visitor	1	1	3851	15	59	17	4	3851	28760	160	0	5	2	4	8	1	365	7	43	7	14	2	20	61	
1302	Student	3	1	1334	16	53	17	15	1334	31962	25	0	4	2	4	9	1	386	21	40	2	17	2	19	61	
1247	Faculty	2	1	3240	15	48	16	42	3240	28095	95	0	6	2	2	10	2	365	9	39	5	12	2	20	61	
1192	Faculty	2	1	7158	15	12	17	11	7158	25914	209	0	11	3	1	3	2	654	26	40	3	12	3	22	61	
1179	Student	3	1	9175	14	48	17	21	9175	24474	172	0	3	2	3	10	1	386	25	40	3	11	4	22	61	
1325	Student	3	1	11534	8	0	8	0	0	0	0	0	0	0	0	0	2	672	9	0	0	0	0	0	61	
1197	Visitor	1	1	7880	14	55	17	6	7880	24906	328	0	3	2	2	11	1	386	21	39	3	10	4	22	62	
1269	Staff	5	1	3175	16	37	17	29	3175	30992	40	0	6	2	3	9	2	365	23	41	3	17	2	19	64	
1315	Student	3	1	735	17	22	17	34	735	33718	14	0	5	2	3	9	2	365	12	38	2	12	5	19	64	
1218	Staff	5	1	8122	15	19	17	34	8122	26321	102	0	4	2	1	12	1	386	25	35	2	9	2	22	64	
1323	Student	3	1	12688	8	0	8	0	0	0	0	0	0	0	0	0	2	672	9	0	0	0	0	0	64	
1205	Visitor	1	1	8570	15	21	17	44	8570	26449	357	0	0	4	10	1	1	672	26	33	2	8	2	21	64	
1234	Faculty	2	1	6677	15	41	17	32	6677	27653	195	0	6	2	3	9	1	365	12	39	5	12	2	20	64	
1196	Faculty	2	1	10433	14	46	17	40	10433	24383	304	0	6	2	1	11	1	365	24	40	2	12	4	22	64	
1104	Staff	5	1	14313	13	32	17	31	14313	19935	1643	1464	9	1	0	5	1	384	20	59	2	28	7	22	64	
1174	Staff	5	1	9595	14	35	17	15	9595	23696	120	0	5	2	4	8	2	365	30	40	1	13	4	22	64	
1317	Visitor	1	1	877	17	16	17	31	877	33388	37	0	3	2	4	9	1	386	15	39	2	13	5	19	64	
1332	Faculty	2	1	3474	8	0	8	0	0	0	0	0	0	0	0	0	2	672	5	0	0	0	0	0	64	
1142	Staff	5	1	13058	13	56	17	34	13058	21358	1104	941	7	1	0	3	1	354	34	57	2	27	6	22	64	
1222	Faculty	2	1	8336	15	28	17	47	8336	26857	243	0	3	2	1	12	1	386	18	33	3	7	2	21	64	
1330	Visitor	1	1	8262	8	0	8	0	0	0	0	0	0	0	0	0	2	672	3	0	0	0	0	0	64	
1245	Student	3	1	6887	15	54	17	49	6887	28434	129	0	6	2	1	11	2	365	6	40	5	13	2	20	64	
1224	Staff	5	1	8437	15	17	17	38	8437	26248	105	0	9	1	1	4	1	384	25	36	2	10	2	22	64	
1281	Visitor	1	1	3685	16	48	17	50	3685	31695	154	0	5	2	3	9	2	365	20	39	2	16	2	19	64	
1127	Staff	5	1	14826	13	47	17	54	14826	20808	185	0	4	2	8	5	1	386	29	56	1	26	7	22	64	
1147	Student	3	1	12939	14	8	17	44	12939	22088	243	0	4	2	5	8	1	386	29	51	1	24	4	22	64	
1236	Staff	5	1	7362	15	26	17	29	7362	26790	92	0	4	2	1	12	1	386	20	33	3	7	2	21	64	
1312	Visitor	1	1	1411	17	6	17	30	1411	32766	59	0	3	2	5	8	1	386	20	41	3	15	4	19	64	
1133	Staff	5	1	14277	13	52	17	50	14277	21116	178	0	4	2	7	6	1	386	33	57	3	26	6	22	64	
1148	Student	3	1	12474	14	8	17	36	12474	22072	234	0	3	2	11	2	1	386	30	51	1	24	4	22	64	
1307	Student	3	1	1969	17	12	17	45	1969	33147	37	0	4	2	2	11	1	386	16	40	2	14	5	19	64	
1266	Visitor	1	1	5325	16	20	17	48	5325	29972	222	0	10	1	0	5	1	384	14	39	4	13	2	20	64	
1226	Staff	5	1	8400	15	28	17	48	8400	26885	105	0	4	2	1	12	1	386	17	32	2	7	2	21	64	
1275	Visitor	1	1	5945	16	27	18	6	5945	30433	248	0	1	4	9	2	1	672	20	41	4	16	2	19	64	
1259	Visitor	1	1	6826	16	3	17	56	6826	28963	284	0	9	1	1	4	1	384	8	43	7	14	2	20	64	
1324	Faculty	2	1	2595	17	28	18	11	2595	34088	76	0	5	2	3	9	1	365	10	37	2	11	5	19	64	
1319	Visitor	1	1	2830	17	25	18	12	2830	33886	118	0	3	2	4	9	1	386	11	38	2	12	5	19	64	
1109	Student	3	1	14088	14	21	18	15	14088	22841	264	0	13	2	2	1	2	579	30	42	0	17	3	22	64	
1280	Staff	5	1	6352	16	29	18	15	6352	30559	79	0	6	2	2	10	1	365	21	41	4	16	2	19	64	
1292	Faculty	2	1	5203	16	43	18	10	5203	31407	152	0	8	1	1	2	1	354	20	40	2	17	2	19	64	
1339	Student	3	1	648	18	10	18	21	648	36594	12	0	5	2	3	9	1	365	4	54	4	25	4	21	64	
1228	Student	3	1	10111	15	24	18	13	10111	26640	190	0	9	1	1	4	1	384	23	34	3	8	2	21	64	
1308	Student	3	1	3528	17	16	18	15	3528	33352	66	0	4	2	2	11	1	386	16	38	2	12	5	19	64	
1328	Visitor	1	1	2262	17	37	18	15	2262	34613	94	0	11	3	2	2	1	654	7	46	4	19	4	19	64	
1331	Faculty	2	1	2285	17	38	18	16	2285	34688	67	0	3	2	6	7	1	386	6	46	4	19	4	19	64	
1326	Faculty	2	1	3575	17	32	18	32	3575	34325	104	0	5	2	3	9	1	365	9	40	3	13	5	19	64	
1306	Staff	5	1	5161	17	7	18	33	5161	32849	65	0	4	2	2	11	1	386	20	41	3	15	4	19	64	
1223	Student	3	1	11096	15	32	18	37	11096	27102	208	0	1	4	10	1	1	672	14	32	2	8	2	20	64	
1253	Staff	5	1	9529	15	49	18	28	9529	28122	119	0	10	1	1	4	1	384	8	39	5	12	2	20	64	
1279	Faculty	2	1	7101	16	31	18	30	7101	30685	207	0	10	1	0	5	1	384	20	43	5	17	2	19	64	
936	Prin	4	1	782	8	0	8	0	0	0	0	0	0	2	0	0	1	672	-1	0	0	0	0	0	64	
1291	Faculty	2	1	6938	16	40	18	36	6938	31227	202	0	8	1	0	3	1	354	21	40	1	18	2	19	64	
1288	Faculty	2	1	6507	17	6	18	54	6507	32751	190	0	6	2	1	11	2	365	20	41	3	15	4	19	64	
1272	Student	3	1	7512	16	38	18	43	7512	31060	141	0	5	2	3	9	2	365	22	39	2	16	2	19	64	
1233	Student	3	1	11721	15	35	18	50	11721	27276	220	0	12	3	2	2	1	654	13	32	2	8	2	20	64	
1261	Student	3	1	9449	16	6	18	43	9449	29137	177	0	5	2	3	9	1	365	10	42	7	13	2	20	64	
1347	Faculty	2	1	1446	18	34	18	58	1446	38030	42	0	6	2	3	9	1	365	2	60	4	32	4	20	64	
1303	Faculty	2	1	6841	17	2	18	56	6841	32533	200	0	4	2	2	11	1	386	20	39	2	14	4	19	64	
1309	Visitor	1	1	7511	17	0	19	5	7511	32415	313	0	3	2	7	6	1	386	21	41	2	16	4	19	64	
1283	Visitor	1	1	8705	16	41	19	6	8705	31235	363	0	5	2	3	9	1	365	20	40	1	18	2	19	64	
1341	Student	3	1	3694	18	17	19	18	3694	37007	69	0	1	4	9	2	1	672	2	59	5	30	4	20	66	
1350	Staff	5	1	10405	8	0	8	0	0	0	0	0	0	0	0	0	2	672	4	0	0	0	0	0	66	
1241	Staff	5	1	13191	15	33	19	13	13191	27206	1161	996	7	1	0	3	1	354	14	32	2	8	2	20	66	
1208	Staff	5	1	14271	15	20	19	18	14271	26400	178	0	11	3	0	4	1	654	26	35	2	9	2	22	66	
1353	Visitor	1	1	7119	8	0	8	0	0	0	0	0	0	0	0	0	2	672	3	0	0	0	0	0	66	
1343	Student	3	1	3640	18	18	19	18	3640	37056	68	0	11	3	2	2	1	654	1	60	5	31	4	20	66	
1244	Student	3	1	12573	15	48	19	17	12573	28074	236	0	12	3	1	3	1	654	10	38	5	11	2	20	66	
1321	Faculty	2	1	7834	17	17	19	28	7834	33427	228	0	3	2	4	9	1	386	14	39	2	13	5	19	66	
1336	Visitor	1	1	5968	17	42	19	21	5968	34920	249	0	5	2	3	9	1	365	4	46	4	19	4	19	66	
1295	Staff	5	1	8938	16	52	19	21	8938	31948	112	0	6	2	1	11	1	365	22	40	2	17	2	19	66	
1342	Faculty	2	1	4147	18	16	19	25	4147	36932	121	0	9	1	3	2	1	384	3	57	5	28	3	21	66	
1334	Visitor	1	1	6050	17	44	19	25	6050	35055	252	0	7	1	0	3	1	354	2	45	3	19	4	19	66	
1267	Faculty	2	1	9956	16	40	19	25	9956	31174	290	0	6	2	3	9	2	365	23	41	1	19	2	19	66	
1262	Student	3	1	11768	16	10	19	26	11768	29372	624	403	10	1	1	4	1	384	9	40	5	13	2	20	66	
1287	Staff	5	1	9654	17	3	19	43	9654	32556	121	0	6	2	1	11	2	365	19	40	3	14	4	19	66	
1282	Visitor	1	1	10633	16	35	19	32	10633	30885	443	0	5	2	3	9	1	365	23	41	4	16	2	19	66	
1313	Student	3	1	9220	17	9	19	43	9220	32969	173	0	7	1	0	3	2	354	19	41	2	16	4	19	66	
1264	Student	3	1	13236	16	13	19	54	13236	29589	1263	1015	10	1	0	5	1	384	9	39	4	13	2	20	0	
1277	Student	3	1	13689	16	55	8	0	0	32085	0	0	5	2	3	9	2	365	20	40	2	16	3	19	0	
1299	Student	3	1	8889	17	30	19	59	8889	34224	167	0	6	2	1	11	2	365	8	39	2	13	5	19	0	
1300	Student	3	1	12609	17	35	8	0	0	34517	0	0	6	2	2	10	2	365	8	44	4	17	4	19	0	
1314	Student	3	1	10273	17	11	8	0	0	33060	0	0	3	2	5	8	1	386	18	41	2	16	4	19	0	
1327	Staff	5	1	11418	17	17	8	0	0	33427	0	0	6	2	2	10	1	365	13	39	2	13	5	19	0	
1329	Staff	5	1	12458	17	45	8	0	0	35120	0	0	3	2	6	7	1	386	0	47	3	20	4	20	0	
1335	Visitor	1	1	9822	17	44	8	0	0	35068	0	0	8	1	0	3	1	354	1	45	3	19	4	19	0	
1337	Student	3	1	7951	17	60	8	0	0	35996	0	0	6	2	3	9	1	365	4	53	4	25	4	20	0	
1340	Staff	5	1	8573	18	1	8	0	0	36050	0	0	9	1	3	2	1	384	3	53	4	25	4	20	0	
1345	Staff	5	1	13022	18	25	8	0	0	37499	0	0	9	1	2	3	1	384	3	60	4	32	4	20	0	
1346	Student	3	1	7673	18	37	8	0	0	38236	0	0	9	1	1	4	1	384	0	62	5	33	4	20	0	
1348	Visitor	1	1	5756	18	36	8	0	0	38132	0	0	10	1	2	3	1	384	1	61	4	33	4	20	0	
1349	Student	3	1	7714	18	58	8	0	0	39492	0	0	10	1	0	5	1	384	4	65	3	36	5	21	0	
1351	Staff	5	1	3095	18	54	19	46	3095	39268	39	0	5	2	7	5	1	365	3	64	4	34	5	21	0	
1352	Faculty	2	1	9858	19	6	8	0	0	39938	0	0	10	1	0	5	1	384	5	65	3	36	5	21	0	
1354	Staff	5	1	10886	19	12	8	0	0	40293	0	0	5	2	5	7	1	365	5	65	3	36	5	21	0	
1355	Faculty	2	1	6399	19	22	8	0	0	40922	0	0	5	2	4	8	2	365	3	68	4	34	8	22	0	
1357	Student	3	1	7562	19	17	8	0	0	40606	0	0	5	2	5	7	1	365	4	66	4	36	5	21	0	
1358	Student	3	1	12999	19	23	8	0	0	40953	0	0	6	2	5	7	2	365	2	70	4	36	8	22	0	
1359	Student	3	1	6544	19	33	8	0	0	41578	0	0	5	2	6	6	1	365	2	74	5	39	8	22	0	
1361	Student	3	1	9187	19	33	8	0	0	41554	0	0	8	1	0	3	1	354	3	73	5	38	8	22	0	
1363	Faculty	2	1	3400	19	37	8	0	0	41808	0	0	8	1	0	3	1	354	2	73	5	38	8	22	0	
1364	Staff	5	1	8590	19	42	8	0	0	42124	0	0	6	2	5	7	1	365	1	72	5	37	8	22	0	
1365	Staff	5	1	11451	19	42	8	0	0	42100	0	0	5	2	5	7	2	365	2	72	5	37	8	22	0	
1367	Visitor	1	1	5856	19	49	8	0	0	42547	0	0	9	1	1	4	1	384	0	73	5	38	8	22	0	
1368	Visitor	1	1	7038	19	53	8	0	0	42785	0	0	6	2	5	7	1	365	0	73	5	38	8	22	0	
1369	Student	3	1	5271	8	0	8	0	0	0	0	0	0	0	0	0	1	672	0	0	0	0	0	0	0	
1371	Visitor	1	1	10704	8	0	8	0	0	0	0	0	0	0	0	0	1	672	0	0	0	0	0	0	0	
1372	Student	3	1	804	8	0	8	0	0	0	0	0	0	0	0	0	1	672	0	0	0	0	0	0	0	
1373	Student	3	1	8082	8	0	8	0	0	0	0	0	0	0	0	0	1	672	0	0	0	0	0	0	0	
943	Student	3	1	593	8	37	8	47	593	2238	11	0	5	2	6	6	1	365	9	83	12	41	8	22	1	
940	Visitor	1	1	1670	8	0	8	0	0	0	0	0	0	0	0	0	2	672	11	0	0	0	0	0	1	
936	Student	3	1	1291	8	27	8	49	1291	1643	24	0	5	2	9	3	1	365	10	90	15	45	8	22	1	
945	Faculty	2	1	2011	8	44	9	18	2011	2645	59	0	5	2	4	8	1	365	11	80	12	38	8	22	1	
954	Student	3	1	637	9	1	9	12	637	3661	12	0	5	2	3	9	1	365	15	71	10	31	8	22	1	
970	Faculty	2	1	288	9	12	9	17	288	4328	8	0	4	2	10	3	1	386	10	61	7	24	8	22	1	
963	Faculty	2	1	1441	9	1	9	25	1441	3636	42	0	4	2	12	1	1	386	16	72	10	32	8	22	1	
958	Staff	5	1	321	9	7	9	13	321	4040	4	0	6	2	1	11	1	365	12	66	8	28	8	22	1	
942	Student	3	1	2854	8	39	9	27	2854	2364	54	0	6	2	6	6	1	365	9	82	12	40	8	22	1	
955	Visitor	1	1	1394	8	58	9	21	1394	3492	58	0	9	1	4	1	1	384	17	73	10	33	8	22	1	
944	Student	3	1	3307	8	38	9	33	3307	2264	62	0	7	1	0	3	1	354	9	83	12	41	8	22	1	
956	Faculty	2	1	2398	9	4	9	44	2398	3845	70	0	5	2	3	9	1	365	15	69	9	30	8	22	1	
931	Visitor	1	1	4214	8	19	9	29	4214	1134	176	0	6	2	9	3	1	365	6	94	15	49	8	22	1	
948	Student	3	1	3384	8	51	9	47	3384	3043	63	0	5	2	4	8	1	365	10	78	11	37	8	22	3	
939	Visitor	1	1	4368	8	35	9	48	4368	2105	182	0	6	2	6	6	1	365	10	83	12	41	8	22	4	
983	Staff	5	1	9637	8	0	8	0	0	0	0	0	0	0	0	0	2	672	20	0	0	0	0	0	5	
992	Student	3	1	10728	8	0	8	0	0	0	0	0	0	0	0	0	2	672	19	0	0	0	0	0	5	
993	Student	3	1	12362	8	0	8	0	0	0	0	0	0	0	0	0	2	672	21	0	0	0	0	0	5	
938	Faculty	2	1	4172	8	41	9	50	4172	2454	122	0	5	2	5	7	1	365	9	82	12	40	8	22	6	
985	Student	3	1	1222	9	36	9	56	1222	5755	23	0	9	1	0	5	1	384	10	59	3	26	8	22	6	
968	Student	3	1	2857	9	11	9	59	2857	4269	54	0	9	1	2	3	1	384	10	61	7	24	8	22	6	
994	Visitor	1	1	926	9	42	9	58	926	6145	39	0	8	1	1	2	1	354	10	56	2	26	7	21	6	
959	Student	3	1	2776	9	10	9	57	2776	4222	52	0	6	2	1	11	1	365	11	62	7	25	8	22	7	
1000	Visitor	1	1	10623	8	0	8	0	0	0	0	0	0	0	0	0	2	672	21	0	0	0	0	0	9	
1004	Staff	5	1	2512	8	0	8	0	0	0	0	0	0	0	0	0	2	672	18	0	0	0	0	0	10	
929	Visitor	1	1	5803	8	15	9	52	5803	914	242	0	5	2	11	1	1	365	7	97	16	51	8	22	11	
1008	Staff	5	1	14046	8	0	8	0	0	0	0	0	0	0	0	0	2	672	18	0	0	0	0	0	11	
1007	Faculty	2	1	10574	8	0	8	0	0	0	0	0	0	0	0	0	2	672	18	0	0	0	0	0	11	
999	Student	3	1	1631	9	51	10	19	1631	6680	31	0	7	1	0	3	1	354	17	54	0	26	7	21	11	
1011	Staff	5	1	9411	8	0	8	0	0	0	0	0	0	0	0	0	2	672	16	0	0	0	0	0	11	
1012	Faculty	2	1	93	10	18	10	19	93	8264	3	0	6	2	1	11	1	365	17	45	1	18	5	21	11	
930	Faculty	2	1	7843	8	16	10	26	7843	936	229	0	6	2	10	2	1	365	6	96	16	50	8	22	11	
1015	Student	3	1	3748	8	0	8	0	0	0	0	0	0	0	0	0	2	672	16	0	0	0	0	0	11	
1003	Faculty	2	1	1594	10	3	10	30	1594	7384	46	0	5	2	3	9	1	365	22	56	3	25	7	21	11	
990	Visitor	1	1	1020	9	55	10	12	1020	6913	42	0	6	2	3	9	2	365	20	53	0	25	7	21	11	
960	Staff	5	1	4514	9	6	10	21	4514	3962	56	0	9	1	2	3	1	384	14	66	8	28	8	22	11	
981	Faculty	2	1	3044	9	32	10	23	3044	5526	89	0	10	1	0	5	1	384	12	59	2	27	8	22	11	
1023	Staff	5	1	11289	8	0	8	0	0	0	0	0	0	0	0	0	2	672	12	0	0	0	0	0	11	
1024	Staff	5	1	445	10	27	10	35	445	8838	6	0	4	2	5	8	1	386	17	48	3	19	5	21	11	
964	Faculty	2	1	4956	9	3	10	25	4956	3753	145	0	3	2	12	1	1	386	15	70	9	31	8	22	13	
969	Faculty	2	1	4802	9	26	10	46	4802	5131	140	0	3	2	6	7	1	386	13	60	5	25	8	22	15	
1005	Student	3	1	945	10	22	10	38	945	8547	18	0	6	2	2	10	2	365	16	47	3	18	5	21	15	
971	Visitor	1	1	4720	9	21	10	39	4720	4836	197	0	3	2	6	7	1	386	11	61	6	25	8	22	15	
974	Visitor	1	1	4368	9	18	10	31	4368	4698	182	0	10	1	2	3	1	384	9	61	6	25	8	22	15	
1006	Faculty	2	1	2277	10	5	10	43	2277	7476	66	0	6	2	1	11	1	365	21	54	2	24	7	21	15	
1027	Visitor	1	1	6303	8	0	8	0	0	0	0	0	0	0	0	0	2	672	13	0	0	0	0	0	15	
935	Staff	5	1	8823	8	24	10	51	8823	1449	110	0	5	2	9	3	1	365	9	91	15	46	8	22	15	
957	Visitor	1	1	6425	8	57	10	44	6425	3393	268	0	5	2	3	9	1	365	16	73	10	33	8	22	15	
991	Visitor	1	1	2473	10	3	10	45	2473	7400	103	0	5	2	3	9	2	365	21	56	3	25	7	21	15	
1037	Student	3	1	12544	8	0	8	0	0	0	0	0	0	0	0	0	2	672	12	0	0	0	0	0	15	
1032	Visitor	1	1	656	8	0	8	0	0	0	0	0	0	0	0	0	2	672	12	0	0	0	0	0	15	
1034	Student	3	1	11917	8	0	8	0	0	0	0	0	0	0	0	0	2	672	12	0	0	0	0	0	15	
934	Staff	5	1	9097	8	24	10	55	9097	1433	114	0	6	2	8	4	1	365	10	91	15	46	8	22	15	
1014	Staff	5	1	2114	10	14	10	49	2114	8016	26	0	9	1	0	5	1	384	19	48	1	19	7	21	15	
1046	Student	3	1	139	10	59	11	1	139	10730	3	0	5	2	3	9	1	365	10	48	1	23	3	21	16	
1016	Student	3	1	1304	10	38	10	60	1304	9481	24	0	12	3	2	2	2	654	10	46	1	21	3	21	16	
996	Visitor	1	1	3300	10	4	10	59	3300	7413	138	0	5	2	3	9	1	365	20	56	3	25	7	21	16	
988	Student	3	1	4714	9	40	10	58	4714	5980	88	0	9	1	0	5	1	384	10	56	2	26	7	21	16	
967	Faculty	2	1	7111	9	13	11	11	7111	4366	207	0	3	2	7	6	1	386	10	62	7	25	8	22	16	
995	Student	3	1	4030	9	56	11	3	4030	6963	76	0	8	1	0	3	1	354	20	52	0	24	7	21	17	
1010	Student	3	1	2744	10	22	11	8	2744	8536	51	0	11	3	1	3	1	654	17	47	3	18	5	21	17	
989	Visitor	1	1	5875	9	37	11	15	5875	5841	245	0	6	2	3	9	1	365	10	58	3	26	7	22	17	
1041	Student	3	1	8406	8	0	8	0	0	0	0	0	0	0	0	0	2	672	6	0	0	0	0	0	17	
972	Student	3	1	7093	9	13	11	11	7093	4381	133	0	10	1	2	3	1	384	10	60	6	24	8	22	17	
1025	Visitor	1	1	2740	10	33	11	19	2740	9174	114	0	7	1	0	3	1	354	11	46	1	20	4	21	17	
1009	Student	3	1	3608	10	17	11	18	3608	8249	68	0	11	3	1	3	1	654	18	45	1	18	5	21	17	
1052	Visitor	1	1	38	11	8	11	9	38	11308	2	0	5	2	3	9	1	365	8	48	1	22	4	21	17	
1053	Faculty	2	1	3937	8	0	8	0	0	0	0	0	0	0	0	0	2	672	2	0	0	0	0	0	17	
953	Staff	5	1	8777	8	49	11	16	8777	2968	110	0	10	1	4	1	1	384	12	77	11	36	8	22	17	
980	Visitor	1	1	6739	9	29	11	22	6739	5353	281	0	9	1	1	4	1	384	12	59	3	26	8	22	17	
1048	Faculty	2	1	867	11	7	11	22	867	11240	25	0	10	1	0	5	1	384	9	48	1	22	4	21	17	
1043	Staff	5	1	1402	11	5	11	29	1402	11127	18	0	9	1	0	5	1	384	9	48	1	22	4	21	17	
1020	Staff	5	1	5262	10	14	11	41	5262	8024	66	0	4	2	8	5	1	386	18	48	1	19	7	21	17	
1040	Student	3	1	2859	10	46	11	34	2859	9964	54	0	5	2	4	8	1	365	9	49	2	23	3	21	17	
1028	Staff	5	1	4127	10	38	11	47	4127	9499	52	0	4	2	6	7	1	386	8	46	1	21	3	21	17	
937	Student	3	1	11245	8	31	11	38	11245	1847	211	0	6	2	6	6	1	365	9	87	14	43	8	22	17	
962	Student	3	1	8481	9	16	11	38	8481	4584	159	0	3	2	6	7	1	386	8	61	6	25	8	22	17	
976	Visitor	1	1	8749	9	24	11	50	8749	5048	365	0	4	2	10	3	1	386	13	58	4	24	8	22	17	
1035	Student	3	1	3539	10	45	11	44	3539	9899	66	0	6	2	4	8	2	365	9	49	2	23	3	21	17	
952	Staff	5	1	9250	9	14	11	48	9250	4433	116	0	6	2	1	11	1	365	10	60	6	24	8	22	17	
966	Visitor	1	1	9764	9	10	11	52	9764	4181	407	0	3	2	8	5	1	386	12	63	7	26	8	22	17	
965	Faculty	2	1	9878	9	7	11	51	9878	3996	288	0	3	2	9	4	1	386	13	66	8	28	8	22	17	
946	Staff	5	1	11933	8	36	11	55	11933	2163	621	472	8	1	2	1	1	354	10	83	12	41	8	22	17	
1021	Student	3	1	6877	10	21	12	15	6877	8436	129	0	4	2	7	6	1	386	19	46	2	18	5	21	17	
987	Student	3	1	9146	9	39	12	11	9146	5918	171	0	11	3	3	1	1	654	10	57	3	26	7	21	17	
1068	Faculty	2	1	475	12	8	12	16	475	14904	14	0	6	2	1	11	1	365	5	56	4	27	5	20	17	
1075	Student	3	1	171	12	4	12	6	171	14616	3	0	10	1	1	4	1	384	5	56	4	27	5	20	17	
1013	Student	3	1	7237	10	9	12	10	7237	7757	136	0	9	1	0	5	1	384	20	51	1	22	7	21	17	
1056	Visitor	1	1	3993	11	22	12	29	3993	12142	166	0	0	4	9	2	1	672	4	52	4	22	6	20	17	
1039	Faculty	2	1	3571	11	1	12	1	3571	10877	104	0	5	2	4	8	1	365	8	49	1	23	4	21	17	
1063	Faculty	2	1	3372	11	34	12	30	3372	12825	98	0	6	2	2	10	1	365	2	54	7	21	6	20	17	
941	Staff	5	1	13910	8	32	12	24	13910	1923	1470	1296	7	1	1	2	1	354	9	86	14	42	8	22	17	
1076	Staff	5	1	1558	12	6	12	32	1558	14763	19	0	3	2	10	3	1	386	5	56	4	27	5	20	17	
949	Staff	5	1	12591	8	54	12	24	12591	3251	157	0	6	2	1	11	1	365	14	75	11	34	8	22	17	
978	Student	3	1	10648	9	29	12	26	10648	5323	200	0	10	1	0	5	1	384	13	59	3	26	8	22	17	
1049	Student	3	1	4942	11	6	12	28	4942	11164	93	0	6	2	3	9	1	365	9	48	1	22	4	21	17	
933	Staff	5	1	14737	8	21	12	26	14737	1239	1825	1640	7	1	2	1	1	354	7	93	15	48	8	22	18	
1057	Student	3	1	4884	11	17	12	38	4884	11798	92	0	5	2	2	10	1	365	5	51	2	23	5	21	18	
1019	Faculty	2	1	9237	10	10	12	44	9237	7781	269	0	4	2	10	3	1	386	19	51	1	22	7	21	18	
1100	Student	3	1	13775	8	0	8	0	0	0	0	0	0	0	0	0	2	672	14	0	0	0	0	0	19	
1072	Staff	5	1	2563	11	59	12	42	2563	14359	32	0	8	1	1	2	1	354	7	58	6	27	5	20	20	
1017	Student	3	1	8407	10	31	12	51	8407	9077	158	0	3	2	5	8	1	386	13	47	1	20	5	21	20	
973	Student	3	1	12861	9	16	12	51	12861	4574	241	0	4	2	10	3	1	386	9	61	6	25	8	22	20	
1097	Visitor	1	1	4895	8	0	8	0	0	0	0	0	0	0	0	0	2	672	14	0	0	0	0	0	20	
951	Student	3	1	13929	8	60	12	52	13929	3587	261	0	6	2	1	11	1	365	16	72	10	32	8	22	20	
1080	Faculty	2	1	1461	12	27	12	51	1461	15997	43	0	4	2	8	5	1	386	12	56	4	26	6	20	20	
1109	Faculty	2	1	5533	8	0	8	0	0	0	0	0	0	0	0	0	2	672	14	0	0	0	0	0	20	
1095	Staff	5	1	8142	8	0	8	0	0	0	0	0	0	0	0	0	2	672	15	0	0	0	0	0	20	
1101	Student	3	1	9540	8	0	8	0	0	0	0	0	0	0	0	0	2	672	14	0	0	0	0	0	21	
1030	Student	3	1	8873	10	34	13	2	8873	9243	166	0	12	3	3	1	1	654	10	46	1	20	4	21	21	
1026	Visitor	1	1	8720	10	35	13	0	8720	9306	363	0	4	2	5	8	1	386	9	45	1	20	3	21	23	
979	Staff	5	1	12404	9	24	12	51	12404	5031	155	0	5	2	3	9	1	365	13	58	4	24	8	22	23	
982	Student	3	1	12401	9	32	12	59	12401	5549	233	0	5	2	3	9	1	365	11	59	2	27	8	22	23	
1115	Staff	5	1	6417	8	0	8	0	0	0	0	0	0	0	0	0	2	672	16	0	0	0	0	0	23	
950	Student	3	1	14350	8	58	12	58	14350	3508	269	0	5	2	3	9	1	365	16	73	10	33	8	22	23	
1113	Student	3	1	546	12	59	13	8	546	17948	10	0	8	1	0	3	1	354	14	52	1	28	4	19	23	
1022	Student	3	1	9776	10	28	13	11	9776	8860	183	0	3	2	5	8	1	386	14	47	2	19	5	21	23	
1054	Visitor	1	1	5780	11	24	13	0	5780	12235	241	0	6	2	2	10	2	365	3	53	6	21	6	20	23	
1081	Visitor	1	1	2849	12	21	13	9	2849	15663	119	0	9	1	1	4	1	384	9	54	3	25	6	20	23	
1018	Faculty	2	1	10397	10	29	13	22	10397	8912	303	0	6	2	3	9	1	365	13	47	2	19	5	21	23	
1119	Staff	5	1	9106	8	0	8	0	0	0	0	0	0	0	0	0	2	672	23	0	0	0	0	0	23	
1116	Student	3	1	12421	8	0	8	0	0	0	0	0	0	0	0	0	2	672	24	0	0	0	0	0	23	
1124	Faculty	2	1	9168	8	0	8	0	0	0	0	0	0	0	0	0	2	672	29	0	0	0	0	0	23	
1031	Faculty	2	1	9279	10	38	13	13	9279	9494	271	0	10	1	0	5	1	384	9	46	1	21	3	21	23	
1099	Student	3	1	1856	12	45	13	15	1856	17072	35	0	6	2	2	10	1	365	16	53	3	26	5	19	23	
1029	Staff	5	1	10624	10	28	13	25	10624	8857	133	0	8	1	0	3	1	354	15	47	2	19	5	21	23	
997	Student	3	1	11476	10	11	13	22	11476	7862	215	0	5	2	3	9	1	365	18	50	1	21	7	21	24	
1114	Student	3	1	1254	13	8	13	28	1254	18451	24	0	12	3	2	2	2	654	13	52	1	28	4	19	24	
1036	Staff	5	1	9629	10	53	13	34	9629	10387	120	0	5	2	4	8	2	365	12	50	3	23	3	21	24	
1044	Faculty	2	1	8444	11	9	13	30	8444	11352	246	0	9	1	0	5	1	384	7	49	1	22	5	21	27	
986	Staff	5	1	14611	9	38	13	41	14611	5876	183	0	0	4	10	1	1	672	10	57	3	26	7	21	27	
1074	Student	3	1	4973	12	0	13	23	4973	14418	93	0	10	1	1	4	1	384	6	57	5	27	5	20	27	
1059	Faculty	2	1	7841	11	32	13	43	7841	12711	229	0	5	2	2	10	1	365	2	54	7	21	6	20	27	
1134	Student	3	1	2586	8	0	8	0	0	0	0	0	0	0	0	0	2	672	31	0	0	0	0	0	27	
1133	Visitor	1	1	245	8	0	8	0	0	0	0	0	0	0	0	0	2	672	32	0	0	0	0	0	27	
1139	Student	3	1	10720	8	0	8	0	0	0	0	0	0	0	0	0	2	672	31	0	0	0	0	0	27	
1147	Student	3	1	12002	8	0	8	0	0	0	0	0	0	0	0	0	2	672	30	0	0	0	0	0	27	
1092	Staff	5	1	3916	12	34	13	40	3916	16455	49	0	10	1	1	4	1	384	13	56	3	27	6	20	27	
1086	Student	3	1	4970	12	34	13	57	4970	16455	93	0	0	4	9	2	1	672	14	56	3	27	6	20	30	
1129	Visitor	1	1	10116	8	0	8	0	0	0	0	0	0	0	0	0	2	672	30	0	0	0	0	0	31	
1093	Student	3	1	3955	12	42	13	48	3955	16921	74	0	12	3	2	2	1	654	16	52	2	26	5	19	31	
1137	Student	3	1	2693	8	0	8	0	0	0	0	0	0	0	0	0	2	672	28	0	0	0	0	0	31	
1064	Student	3	1	7782	11	41	13	50	7782	13235	146	0	11	3	2	2	1	654	1	55	7	23	5	20	31	
1162	Student	3	1	7525	8	0	8	0	0	0	0	0	0	0	0	0	2	672	30	0	0	0	0	0	32	
1163	Visitor	1	1	6232	8	0	8	0	0	0	0	0	0	0	0	0	2	672	29	0	0	0	0	0	32	
1143	Staff	5	1	12021	8	0	8	0	0	0	0	0	0	0	0	0	2	672	27	0	0	0	0	0	32	
1125	Visitor	1	1	1202	13	35	13	55	1202	20087	50	0	6	2	1	11	2	365	30	45	3	19	5	18	33	
1164	Student	3	1	12287	8	0	8	0	0	0	0	0	0	0	0	0	2	672	25	0	0	0	0	0	33	
1078	Student	3	1	5928	12	14	13	53	5928	15229	111	0	7	1	0	3	1	354	6	57	5	26	6	20	33	
1156	Student	3	1	14173	8	0	8	0	0	0	0	0	0	0	0	0	2	672	28	0	0	0	0	0	34	
1042	Student	3	1	10846	10	60	14	1	10846	10799	223	19	9	1	1	4	1	384	9	50	2	24	3	21	34	
1166	Student	3	1	11442	8	0	8	0	0	0	0	0	0	0	0	0	2	672	28	0	0	0	0	0	36	
1112	Visitor	1	1	3524	12	52	13	51	3524	17527	147	0	4	2	9	4	1	386	13	50	2	25	4	19	37	
1082	Student	3	1	3944	12	18	13	24	3944	15490	74	0	4	2	9	4	1	386	7	57	4	27	6	20	38	
1108	Student	3	1	4473	12	51	14	6	4473	17483	84	0	7	1	0	3	1	354	14	48	2	23	4	19	38	
1173	Visitor	1	1	3444	8	0	8	0	0	0	0	0	0	0	0	0	2	672	26	0	0	0	0	0	38	
1176	Staff	5	1	6796	8	0	8	0	0	0	0	0	0	0	0	0	2	672	29	0	0	0	0	0	38	
1183	Staff	5	1	45	14	7	14	7	45	21996	1	0	8	1	0	3	1	354	24	38	2	9	7	20	39	
1102	Student	3	1	4887	12	50	14	12	4887	17410	92	0	11	3	2	2	1	654	15	49	2	24	4	19	40	
1077	Visitor	1	1	7862	12	3	14	14	7862	14563	328	0	9	1	1	4	1	384	6	56	4	27	5	20	40	
1089	Student	3	1	6770	12	35	14	28	6770	16491	127	0	1	4	10	1	1	672	11	55	3	27	6	19	40	
1178	Student	3	1	712	8	0	8	0	0	0	0	0	0	0	0	0	2	672	29	0	0	0	0	0	40	
1188	Student	3	1	272	8	0	8	0	0	0	0	0	0	0	0	0	2	672	27	0	0	0	0	0	40	
1187	Faculty	2	1	5763	8	0	8	0	0	0	0	0	0	0	0	0	2	672	29	0	0	0	0	0	40	
1085	Faculty	2	1	6848	12	23	14	17	6848	15757	200	0	10	1	1	4	1	384	9	54	3	25	6	20	40	
1179	Staff	5	1	2855	8	0	8	0	0	0	0	0	0	0	0	0	2	672	29	0	0	0	0	0	40	
1141	Faculty	2	1	1397	13	38	14	1	1397	20269	41	0	4	2	1	12	1	386	28	42	3	16	5	18	40	
1142	Faculty	2	1	2195	13	32	14	9	2195	19927	64	0	3	2	8	5	1	386	30	45	3	19	5	18	40	
1168	Staff	5	1	1517	13	53	14	18	1517	21160	19	0	10	1	0	5	1	384	32	39	3	10	7	19	40	
1087	Student	3	1	6061	12	31	14	12	6061	16286	114	0	8	1	0	3	1	354	14	56	2	27	6	21	41	
1160	Faculty	2	1	476	13	60	14	8	476	21594	14	0	3	2	1	12	1	386	33	39	2	10	7	20	43	
1091	Student	3	1	6031	12	51	14	32	6031	17467	113	0	6	2	0	12	2	365	15	48	2	23	4	19	43	
1157	Student	3	1	1587	13	59	14	26	1587	21560	30	0	4	2	0	13	1	386	34	40	3	10	7	20	43	
1144	Faculty	2	1	3250	13	29	14	23	3250	19728	95	0	10	1	1	4	1	384	28	47	3	22	4	18	43	
1203	Visitor	1	1	314	8	0	8	0	0	0	0	0	0	0	0	0	2	672	43	0	0	0	0	0	43	
1205	Faculty	2	1	4014	8	0	8	0	0	0	0	0	0	0	0	0	2	672	43	0	0	0	0	0	43	
1206	Student	3	1	6123	8	0	8	0	0	0	0	0	0	0	0	0	2	672	43	0	0	0	0	0	43	
1151	Faculty	2	1	3391	13	48	14	45	3391	20895	99	0	4	2	1	12	1	386	29	38	3	11	5	19	43	
1199	Staff	5	1	83	14	26	14	27	83	23151	1	0	4	2	0	13	1	386	28	37	3	10	5	19	44	
1067	Faculty	2	1	8052	11	53	14	7	8052	13964	235	0	6	2	3	9	1	365	6	60	7	28	5	20	44	
1038	Student	3	1	13751	10	58	14	47	13751	10653	258	0	6	2	4	8	1	365	11	49	2	23	3	21	44	
1107	Staff	5	1	5270	13	2	14	29	5270	18100	66	0	6	2	2	10	1	365	14	54	1	30	4	19	44	
1152	Staff	5	1	2517	13	51	14	33	2517	21072	31	0	4	2	0	13	1	386	32	39	3	10	7	19	44	
1158	Faculty	2	1	3562	13	53	14	52	3562	21185	104	0	3	2	1	12	1	386	31	39	3	10	7	19	44	
1083	Visitor	1	1	7754	12	35	14	44	7754	16503	323	0	7	1	1	2	2	354	11	55	3	27	6	19	44	
1150	Student	3	1	3242	13	45	14	39	3242	20702	61	0	4	2	1	12	1	386	33	42	4	14	5	19	44	
1066	Faculty	2	1	10297	11	47	14	38	10297	13596	300	0	6	2	3	9	1	365	3	57	7	25	5	20	46	
1223	Visitor	1	1	1926	8	0	8	0	0	0	0	0	0	0	0	0	2	672	50	0	0	0	0	0	46	
1051	Staff	5	1	13296	11	16	14	57	13296	11744	166	0	5	2	2	10	1	365	5	50	2	22	5	21	49	
1215	Faculty	2	1	4512	8	0	8	0	0	0	0	0	0	0	0	0	2	672	52	0	0	0	0	0	49	
1234	Staff	5	1	8133	8	0	8	0	0	0	0	0	0	0	0	0	2	672	49	0	0	0	0	0	50	
1225	Student	3	1	13993	8	0	8	0	0	0	0	0	0	0	0	0	2	672	51	0	0	0	0	0	51	
1201	Visitor	1	1	1325	8	0	8	0	0	0	0	0	0	0	0	0	2	672	50	0	0	0	0	0	51	
1233	Student	3	1	2168	8	0	8	0	0	0	0	0	0	0	0	0	2	672	49	0	0	0	0	0	52	
1228	Faculty	2	1	199	8	0	8	0	0	0	0	0	0	0	0	0	2	672	47	0	0	0	0	0	53	
1240	Faculty	2	1	4810	8	0	8	0	0	0	0	0	0	0	0	0	2	672	52	0	0	0	0	0	54	
1110	Staff	5	1	7174	13	7	15	6	7174	18408	90	0	6	2	2	10	1	365	14	52	1	28	4	19	54	
1096	Staff	5	1	8390	12	35	14	54	8390	16473	105	0	6	2	3	9	1	365	12	56	3	27	6	20	55	
1239	Staff	5	1	7831	8	0	8	0	0	0	0	0	0	0	0	0	2	672	52	0	0	0	0	0	55	
1217	Student	3	1	13403	8	0	8	0	0	0	0	0	0	0	0	0	2	672	50	0	0	0	0	0	55	
1171	Staff	5	1	2707	14	19	15	4	2707	22737	34	0	11	3	2	2	1	654	29	41	5	10	6	20	55	
1105	Visitor	1	1	8315	12	45	15	4	8315	17105	346	0	5	2	2	10	1	365	15	53	3	26	5	19	56	
1227	Staff	5	1	13080	8	0	8	0	0	0	0	0	0	0	0	0	2	672	49	0	0	0	0	0	57	
1185	Faculty	2	1	2702	14	19	15	4	2702	22750	79	0	8	1	1	2	2	354	28	41	5	10	6	20	57	
1229	Student	3	1	3067	8	0	8	0	0	0	0	0	0	0	0	0	2	672	48	0	0	0	0	0	57	
1238	Visitor	1	1	5638	8	0	8	0	0	0	0	0	0	0	0	0	2	672	41	0	0	0	0	0	58	
1191	Faculty	2	1	3332	14	21	15	17	3332	22860	97	0	5	2	3	9	1	365	29	40	4	10	6	20	58	
1221	Student	3	1	3451	8	0	8	0	0	0	0	0	0	0	0	0	2	672	41	0	0	0	0	0	58	
1254	Staff	5	1	13108	8	0	8	0	0	0	0	0	0	0	0	0	2	672	40	0	0	0	0	0	58	
1174	Student	3	1	4380	14	1	15	14	4380	21678	82	0	8	1	0	3	1	354	31	38	1	10	7	20	59	
1245	Student	3	1	10858	8	0	8	0	0	0	0	0	0	0	0	0	2	672	40	0	0	0	0	0	59	
1246	Visitor	1	1	2064	8	0	8	0	0	0	0	0	0	0	0	0	2	672	40	0	0	0	0	0	60	
1257	Faculty	2	1	5003	8	0	8	0	0	0	0	0	0	0	0	0	2	672	41	0	0	0	0	0	60	
1140	Faculty	2	1	5791	13	34	15	10	5791	20034	169	0	4	2	3	10	1	386	31	44	3	18	5	18	60	
1182	Faculty	2	1	2582	14	3	14	46	2582	21797	75	0	4	2	0	13	1	386	29	39	2	10	7	20	60	
1258	Staff	5	1	13074	8	0	8	0	0	0	0	0	0	0	0	0	2	672	41	0	0	0	0	0	60	
1204	Student	3	1	3371	14	22	15	18	3371	22891	63	0	9	1	1	4	1	384	29	40	4	10	6	20	60	
1170	Staff	5	1	3959	14	14	15	20	3959	22463	49	0	4	2	0	13	1	386	25	38	1	9	8	20	61	
1259	Visitor	1	1	4825	8	0	8	0	0	0	0	0	0	0	0	0	2	672	40	0	0	0	0	0	61	
1070	Staff	5	1	11156	12	14	15	20	11156	15226	139	0	6	2	1	11	1	365	7	57	5	26	6	20	61	
1194	Faculty	2	1	3948	14	14	15	20	3948	22435	115	0	7	1	0	3	1	354	26	38	1	9	8	20	62	
1118	Visitor	1	1	7362	13	23	15	25	7362	19364	307	0	5	2	2	10	2	365	25	49	2	24	4	19	62	
1159	Visitor	1	1	5235	13	57	15	24	5235	21419	218	0	3	2	1	12	1	386	32	41	4	11	7	19	62	
1251	Student	3	1	8844	8	0	8	0	0	0	0	0	0	0	0	0	2	672	41	0	0	0	0	0	62	
1154	Visitor	1	1	4582	14	10	15	26	4582	22194	191	0	3	2	2	11	1	386	26	39	3	9	7	20	62	
1084	Student	3	1	11004	12	22	15	25	11004	15708	206	0	5	2	3	9	1	365	9	54	3	25	6	20	63	
1263	Visitor	1	1	545	8	0	8	0	0	0	0	0	0	0	0	0	2	672	41	0	0	0	0	0	65	
1198	Visitor	1	1	3932	14	28	15	34	3932	23308	164	0	11	3	1	3	1	654	29	37	3	10	5	19	66	
1126	Student	3	1	7963	13	32	15	44	7963	19890	149	0	0	4	8	3	1	672	30	46	3	20	5	18	67	
1280	Faculty	2	1	5503	8	0	8	0	0	0	0	0	0	0	0	0	2	672	43	0	0	0	0	0	70	
1242	Student	3	1	13663	8	0	8	0	0	0	0	0	0	0	0	0	2	672	43	0	0	0	0	0	70	
1273	Faculty	2	1	8374	8	0	8	0	0	0	0	0	0	0	0	0	2	672	42	0	0	0	0	0	70	
1243	Visitor	1	1	8023	8	0	8	0	0	0	0	0	0	0	0	0	2	672	43	0	0	0	0	0	71	
1208	Visitor	1	1	3961	14	39	15	45	3961	23964	165	0	11	3	0	4	1	654	37	32	1	12	0	19	71	
1288	Faculty	2	1	4220	8	0	8	0	0	0	0	0	0	0	0	0	2	672	38	0	0	0	0	0	72	
1279	Visitor	1	1	9016	8	0	8	0	0	0	0	0	0	0	0	0	2	672	40	0	0	0	0	0	72	
1211	Student	3	1	4281	14	28	15	39	4281	23274	80	0	10	1	2	3	1	384	29	37	3	10	5	19	72	
1132	Staff	5	1	8062	13	25	15	40	8062	19512	101	0	9	1	0	5	1	384	25	49	2	24	4	19	72	
1248	Visitor	1	1	4648	8	0	8	0	0	0	0	0	0	0	0	0	2	672	35	0	0	0	0	0	72	
1148	Student	3	1	6787	13	38	15	32	6787	20306	127	0	3	2	7	6	1	386	27	42	3	16	5	18	72	
1284	Student	3	1	2802	8	0	8	0	0	0	0	0	0	0	0	0	2	672	34	0	0	0	0	0	72	
1232	Student	3	1	8838	8	0	8	0	0	0	0	0	0	0	0	0	2	672	38	0	0	0	0	0	72	
1213	Student	3	1	5209	8	0	8	0	0	0	0	0	0	0	0	0	2	672	39	0	0	0	0	0	72	
1237	Student	3	1	10801	8	0	8	0	0	0	0	0	0	0	0	0	2	672	37	0	0	0	0	0	72	
1214	Student	3	1	4092	14	42	15	51	4092	24143	77	0	12	3	0	4	1	654	39	32	1	12	0	19	73	
1094	Staff	5	1	10993	12	43	15	47	10993	17005	218	81	10	1	0	5	1	384	17	53	3	26	5	19	74	
1287	Staff	5	1	2571	8	0	8	0	0	0	0	0	0	0	0	0	2	672	33	0	0	0	0	0	74	
1276	Student	3	1	13696	8	0	8	0	0	0	0	0	0	0	0	0	2	672	36	0	0	0	0	0	74	
1127	Staff	5	1	10069	13	15	16	3	10069	18886	126	0	6	2	1	11	1	365	19	54	4	27	4	19	76	
1177	Faculty	2	1	5715	14	31	16	6	5715	23472	167	0	6	2	2	10	2	365	32	39	3	11	5	20	76	
1264	Student	3	1	2715	8	0	8	0	0	0	0	0	0	0	0	0	2	672	33	0	0	0	0	0	76	
1146	Student	3	1	7613	13	55	16	2	7613	21297	143	0	4	2	0	13	1	386	32	40	4	10	7	19	77	
1216	Student	3	1	4795	14	45	16	5	4795	24316	90	0	12	3	0	4	1	654	42	32	2	11	0	19	79	
1277	Student	3	1	5708	8	0	8	0	0	0	0	0	0	0	0	0	2	672	32	0	0	0	0	0	79	
1172	Faculty	2	1	6677	14	25	16	17	6677	23122	195	0	0	4	9	2	1	672	28	36	2	10	5	19	82	
1106	Student	3	1	12081	12	53	16	14	12081	17573	227	0	5	2	3	9	1	365	13	53	2	28	4	19	83	
1291	Student	3	1	5936	8	0	8	0	0	0	0	0	0	0	0	0	2	672	33	0	0	0	0	0	83	
1302	Staff	5	1	3530	8	0	8	0	0	0	0	0	0	0	0	0	2	672	27	0	0	0	0	0	83	
1268	Student	3	1	8419	8	0	8	0	0	0	0	0	0	0	0	0	2	672	26	0	0	0	0	0	83	
1295	Student	3	1	8354	8	0	8	0	0	0	0	0	0	0	0	0	2	672	33	0	0	0	0	0	83	
1305	Student	3	1	6260	8	0	8	0	0	0	0	0	0	0	0	0	2	672	31	0	0	0	0	0	84	
1236	Faculty	2	1	3187	14	59	15	52	3187	25154	93	0	4	2	3	10	1	386	48	32	1	13	0	18	84	
1316	Visitor	1	1	7298	8	0	8	0	0	0	0	0	0	0	0	0	2	672	29	0	0	0	0	0	84	
1189	Faculty	2	1	6487	14	35	16	23	6487	23699	189	0	13	2	2	1	1	579	35	35	1	11	3	20	84	
1324	Visitor	1	1	3000	8	0	8	0	0	0	0	0	0	0	0	0	2	672	27	0	0	0	0	0	84	
1165	Visitor	1	1	6749	14	22	16	15	6749	22946	281	0	11	3	2	2	2	654	29	39	3	10	6	20	85	
1138	Visitor	1	1	10043	13	23	16	11	10043	19395	418	0	3	2	11	2	1	386	25	50	2	25	4	19	85	
1327	Faculty	2	1	9378	8	0	8	0	0	0	0	0	0	0	0	0	2	672	28	0	0	0	0	0	85	
1271	Student	3	1	1287	15	13	15	34	1287	25977	24	0	4	2	4	9	1	386	46	30	0	12	1	17	85	
1079	Student	3	1	13850	12	13	16	3	13850	15153	260	0	3	2	9	4	1	386	6	57	5	26	6	20	85	
1286	Student	3	1	7011	8	0	8	0	0	0	0	0	0	0	0	0	2	672	27	0	0	0	0	0	85	
1120	Visitor	1	1	9188	13	7	15	41	9188	18442	383	0	4	2	9	4	1	386	14	52	1	28	4	19	86	
1122	Student	3	1	11412	13	11	16	22	11412	18678	214	0	4	2	9	4	1	386	16	52	3	26	4	19	86	
1145	Staff	5	1	8189	13	35	15	52	8189	20118	102	0	3	2	8	5	1	386	29	44	3	18	5	18	86	
1149	Student	3	1	9705	13	39	16	21	9705	20332	182	0	10	1	0	5	1	384	27	42	3	16	5	18	88	
1335	Student	3	1	495	8	0	8	0	0	0	0	0	0	0	0	0	2	672	28	0	0	0	0	0	88	
1307	Staff	5	1	8187	8	0	8	0	0	0	0	0	0	0	0	0	2	672	27	0	0	0	0	0	89	
1235	Student	3	1	3319	14	54	15	50	3319	24854	62	0	4	2	3	10	1	386	43	32	1	13	0	18	89	
1304	Student	3	1	11417	8	0	8	0	0	0	0	0	0	0	0	0	2	672	29	0	0	0	0	0	89	
1123	Staff	5	1	11265	13	18	16	25	11265	19054	141	0	5	2	2	10	1	365	22	53	3	27	4	19	89	
1230	Faculty	2	1	6192	14	48	16	31	6192	24485	181	0	6	2	2	10	1	365	43	34	2	13	0	19	90	
1337	Student	3	1	612	16	23	16	33	612	30156	11	0	3	2	3	10	1	386	28	31	1	11	1	18	91	
1331	Student	3	1	14033	8	0	8	0	0	0	0	0	0	0	0	0	2	672	27	0	0	0	0	0	91	
1294	Student	3	1	14124	8	0	8	0	0	0	0	0	0	0	0	0	2	672	25	0	0	0	0	0	91	
1278	Faculty	2	1	3022	15	39	16	29	3022	27524	88	0	6	2	1	11	1	365	42	31	1	11	2	17	91	
1322	Student	3	1	2474	8	0	8	0	0	0	0	0	0	0	0	0	2	672	21	0	0	0	0	0	91	
1320	Student	3	1	12772	8	0	8	0	0	0	0	0	0	0	0	0	2	672	23	0	0	0	0	0	91	
1155	Faculty	2	1	8899	13	47	16	16	8899	20839	260	0	3	2	2	11	1	386	30	39	3	12	5	19	91	
1131	Student	3	1	11045	13	24	16	28	11045	19432	207	0	4	2	7	6	1	386	24	50	2	25	4	19	91	
1153	Student	3	1	8619	14	3	16	27	8619	21801	162	0	3	2	1	12	1	386	29	39	2	10	7	20	92	
1136	Staff	5	1	11908	13	29	16	47	11908	19718	149	0	6	2	1	11	1	365	29	47	3	22	4	18	92	
1308	Visitor	1	1	5882	8	0	8	0	0	0	0	0	0	0	0	0	2	672	22	0	0	0	0	0	92	
1344	Staff	5	1	676	16	37	16	48	676	31027	8	0	4	2	3	10	1	386	30	36	0	19	0	17	92	
1283	Faculty	2	1	1981	16	6	16	39	1981	29182	58	0	12	3	1	3	2	654	32	31	0	10	3	18	92	
1345	Staff	5	1	8022	8	0	8	0	0	0	0	0	0	0	0	0	2	672	22	0	0	0	0	0	92	
1312	Student	3	1	12669	8	0	8	0	0	0	0	0	0	0	0	0	2	672	21	0	0	0	0	0	94	
1329	Student	3	1	428	16	27	16	34	428	30424	8	0	5	2	3	9	1	365	27	31	0	13	1	17	95	
1340	Visitor	1	1	4835	8	0	8	0	0	0	0	0	0	0	0	0	2	672	20	0	0	0	0	0	95	
1348	Staff	5	1	10588	8	0	8	0	0	0	0	0	0	0	0	0	2	672	22	0	0	0	0	0	95	
1117	Staff	5	1	12720	13	9	16	41	12720	18566	159	0	5	2	2	10	2	365	15	53	3	27	4	19	95	
1130	Student	3	1	12214	13	22	16	45	12214	19300	818	589	9	1	0	5	1	384	24	49	2	24	4	19	96	
1342	Student	3	1	11430	8	0	8	0	0	0	0	0	0	0	0	0	2	672	21	0	0	0	0	0	97	
1218	Visitor	1	1	7955	14	50	17	2	7955	24573	331	0	1	4	10	1	1	672	42	33	2	13	0	18	97	
1181	Faculty	2	1	10622	13	60	16	57	10622	21597	310	0	4	2	0	13	1	386	32	39	2	10	7	20	99	
1325	Staff	5	1	2146	16	28	17	4	2146	30507	27	0	4	2	4	9	1	386	27	31	0	13	1	17	100	
1354	Visitor	1	1	10437	8	0	8	0	0	0	0	0	0	0	0	0	2	672	20	0	0	0	0	0	100	
1161	Visitor	1	1	10702	14	6	17	5	10702	21983	446	0	3	2	1	12	1	386	26	38	2	9	7	20	100	
1355	Staff	5	1	13523	8	0	8	0	0	0	0	0	0	0	0	0	2	672	19	0	0	0	0	0	100	
1349	Faculty	2	1	6955	8	0	8	0	0	0	0	0	0	0	0	0	2	672	22	0	0	0	0	0	100	
1175	Visitor	1	1	10195	14	5	16	55	10195	21901	425	0	7	1	0	3	1	354	28	39	2	10	7	20	100	
1220	Student	3	1	8051	14	38	16	52	8051	23893	151	0	10	1	0	5	1	384	37	31	1	11	0	19	100	
1334	Visitor	1	1	5540	8	0	8	0	0	0	0	0	0	0	0	0	2	672	18	0	0	0	0	0	100	
1357	Student	3	1	3934	8	0	8	0	0	0	0	0	0	0	0	0	2	672	19	0	0	0	0	0	100	
1356	Faculty	2	1	3145	8	0	8	0	0	0	0	0	0	0	0	0	2	672	16	0	0	0	0	0	100	
1212	Student	3	1	8764	14	39	17	6	8764	23969	164	0	12	3	0	4	1	654	36	32	1	12	0	19	100	
1352	Faculty	2	1	6919	8	0	8	0	0	0	0	0	0	0	0	0	2	672	15	0	0	0	0	0	100	
1363	Staff	5	1	10691	8	0	8	0	0	0	0	0	0	0	0	0	2	672	11	0	0	0	0	0	100	
1353	Faculty	2	1	8977	8	0	8	0	0	0	0	0	0	0	0	0	2	672	14	0	0	0	0	0	101	
1314	Faculty	2	1	3135	16	15	17	7	3135	29705	91	0	4	2	1	12	1	386	33	31	0	12	1	18	101	
1210	Student	3	1	9029	14	31	17	2	9029	23486	169	0	9	1	0	5	1	384	32	38	2	11	5	20	101	
1369	Student	3	1	172	17	14	17	17	172	33240	3	0	3	2	3	10	1	386	13	38	1	17	3	17	101	
1326	Faculty	2	1	1783	16	39	17	8	1783	31125	52	0	12	3	0	4	1	654	29	34	0	18	0	16	102	
1270	Student	3	1	7533	15	13	17	19	7533	25983	141	0	5	2	2	10	1	365	45	30	0	12	1	17	103	
1341	Student	3	1	2766	16	33	17	19	2766	30789	52	0	4	2	3	10	1	386	29	33	0	16	0	17	103	
1323	Student	3	1	2469	16	40	17	21	2469	31219	46	0	6	2	2	10	2	365	26	34	0	18	0	16	103	
1195	Faculty	2	1	10194	14	23	17	12	10194	22951	297	0	6	2	1	11	1	365	28	39	3	10	6	20	103	
1244	Student	3	1	7789	15	4	17	13	7789	25415	146	0	3	2	2	11	1	386	49	31	1	12	0	18	104	
1362	Staff	5	1	1399	8	0	8	0	0	0	0	0	0	0	0	0	2	672	10	0	0	0	0	0	104	
1315	Staff	5	1	3712	16	30	17	32	3712	30604	46	0	1	4	8	3	1	672	28	32	0	14	1	17	104	
1368	Staff	5	1	967	8	0	8	0	0	0	0	0	0	0	0	0	2	672	11	0	0	0	0	0	104	
1358	Student	3	1	5792	8	0	8	0	0	0	0	0	0	0	0	0	2	672	11	0	0	0	0	0	104	
1290	Visitor	1	1	7046	15	30	17	27	7046	26978	294	0	7	1	0	3	1	354	39	31	1	12	1	17	104	
1241	Student	3	1	9196	14	54	17	27	9196	24814	172	0	8	1	0	3	1	354	44	32	1	13	0	18	104	
1298	Student	3	1	6654	15	51	17	42	6654	28262	125	0	3	2	2	11	1	386	39	33	2	10	3	18	104	
1379	Faculty	2	1	7134	8	0	8	0	0	0	0	0	0	0	0	0	2	672	11	0	0	0	0	0	104	
1253	Visitor	1	1	8226	15	14	17	31	8226	26017	343	0	5	2	1	11	1	365	43	29	0	11	1	17	104	
1330	Faculty	2	1	4629	16	18	17	35	4629	29875	135	0	6	2	1	11	1	365	32	33	0	12	2	19	104	
1207	Staff	5	1	10754	14	36	17	36	10754	23783	134	0	12	3	2	2	1	654	35	34	1	11	2	20	104	
1275	Student	3	1	6738	15	41	17	33	6738	27640	126	0	4	2	2	11	1	386	44	31	1	11	2	17	104	
1167	Student	3	1	12290	14	6	17	31	12290	21953	230	0	5	2	3	9	2	365	27	38	2	9	7	20	105	
1193	Student	3	1	12018	14	12	17	32	12018	22310	733	507	9	1	1	4	1	384	26	39	3	9	7	20	105	
1219	Student	3	1	10751	14	33	17	32	10751	23584	202	0	10	1	0	5	1	384	33	37	1	12	4	20	105	
1339	Student	3	1	3530	16	47	17	45	3530	31593	66	0	5	2	3	9	2	365	22	33	0	16	1	16	105	
1361	Faculty	2	1	2066	17	7	17	42	2066	32838	60	0	6	2	1	11	1	365	20	37	3	15	2	17	105	
1373	Visitor	1	1	1841	17	15	17	45	1841	33272	77	0	9	1	0	5	1	384	12	39	1	18	3	17	105	
1222	Staff	5	1	10500	14	36	17	31	10500	23741	131	0	6	2	1	11	1	365	35	34	1	10	3	20	105	
1231	Faculty	2	1	10490	14	54	17	49	10490	24831	306	0	6	2	1	11	1	365	43	32	1	13	0	18	105	
1384	Student	3	1	412	8	0	8	0	0	0	0	0	0	0	0	0	2	672	2	0	0	0	0	0	105	
1299	Visitor	1	1	5618	16	19	17	53	5618	29948	234	0	11	3	0	4	1	654	30	31	0	11	1	19	105	
1387	Faculty	2	1	182	17	45	17	48	182	35106	5	0	10	1	0	5	1	384	4	43	1	21	3	18	105	
1359	Visitor	1	1	4272	16	52	18	3	4272	31934	178	0	5	2	3	9	1	365	20	35	1	17	1	16	105	
1371	Visitor	1	1	2924	17	18	18	6	2924	33457	122	0	3	2	4	9	1	386	12	39	1	18	3	17	105	
1200	Student	3	1	12788	14	39	18	12	12788	23944	240	0	0	4	8	3	1	672	37	32	1	12	0	19	105	
1289	Student	3	1	6550	16	14	18	3	6550	29650	123	0	11	3	0	4	2	654	33	30	0	11	1	18	105	
1256	Visitor	1	1	10730	15	10	18	8	10730	25779	447	0	6	2	2	10	1	365	50	32	1	13	1	17	105	
1261	Staff	5	1	8452	15	44	18	5	8452	27837	106	0	4	2	1	12	1	386	42	32	3	10	2	17	105	
1272	Faculty	2	1	9492	15	24	18	2	9492	26614	277	0	6	2	1	11	1	365	41	32	3	11	1	17	105	
1311	Visitor	1	1	7995	15	49	18	3	7995	28158	333	0	9	1	0	5	1	384	41	33	2	10	3	18	105	
1296	Student	3	1	8408	15	47	18	8	8408	28049	158	0	3	2	2	11	1	386	44	34	3	10	3	18	105	
1269	Visitor	1	1	10310	15	15	18	7	10310	26118	430	0	7	1	0	3	1	354	42	29	1	10	1	17	105	
1351	Staff	5	1	4853	16	58	18	19	4853	32290	61	0	6	2	1	11	1	365	22	35	2	16	1	16	105	
1319	Student	3	1	7318	16	13	18	15	7318	29577	137	0	5	2	2	10	2	365	33	29	0	10	1	18	105	
1364	Staff	5	1	3662	17	10	18	11	3662	32980	46	0	3	2	3	10	1	386	17	38	2	16	3	17	105	
1397	Visitor	1	1	124	18	21	18	23	124	37235	5	0	6	2	5	7	1	365	4	56	2	30	5	19	106	
1360	Faculty	2	1	4756	17	2	18	22	4756	32541	139	0	10	1	0	5	1	384	20	35	2	16	1	16	106	
932	Prin	4	1	7194	8	0	8	0	0	0	0	0	0	2	0	0	1	672	3	0	0	0	0	0	106	
1347	Student	3	1	6614	16	42	18	32	6614	31330	124	0	4	2	3	10	1	386	24	34	0	17	1	16	106	
1385	Staff	5	1	2084	17	40	18	15	2084	34803	26	0	6	2	2	10	1	365	9	42	3	18	3	18	106	
1262	Staff	5	1	10457	15	29	18	23	10457	26953	131	0	8	1	0	3	1	354	39	31	1	12	1	17	107	
1395	Staff	5	1	11767	8	0	8	0	0	0	0	0	0	0	0	0	2	672	5	0	0	0	0	0	107	
1365	Staff	5	1	5039	17	2	18	26	5039	32495	63	0	4	2	4	9	1	386	22	35	2	16	1	16	107	
1300	Student	3	1	9391	15	58	18	35	9391	28680	176	0	3	2	2	11	1	386	37	31	0	9	4	18	107	
1293	Visitor	1	1	8254	16	22	18	39	8254	30108	344	0	11	3	0	4	2	654	28	31	1	11	1	18	107	
1399	Staff	5	1	10586	8	0	8	0	0	0	0	0	0	0	0	0	2	672	5	0	0	0	0	0	107	
1310	Visitor	1	1	8951	16	21	18	50	8951	30035	373	0	0	4	9	2	1	672	28	31	0	12	1	18	107	
1390	Faculty	2	1	3373	17	50	18	46	3373	35385	98	0	6	2	3	9	1	365	3	46	3	22	3	18	108	
1292	Faculty	2	1	9839	16	5	18	49	9839	29127	287	0	4	2	0	13	1	386	32	30	0	10	2	18	108	
1226	Student	3	1	13254	14	59	18	39	13254	25113	249	0	6	2	2	10	2	365	48	32	1	13	0	18	108	
1247	Staff	5	1	12969	15	14	18	50	12969	26017	162	0	3	2	2	11	1	386	44	29	0	11	1	17	108	
1398	Staff	5	1	166	18	42	18	44	166	38502	2	0	8	1	0	3	2	354	5	60	1	34	6	19	109	
1267	Student	3	1	11445	15	30	18	41	11445	26986	215	0	5	2	3	9	1	365	38	31	1	12	1	17	109	
1249	Student	3	1	13816	15	8	18	59	13816	25700	259	0	1	4	9	2	1	672	51	34	2	14	1	17	109	
1260	Student	3	1	12770	15	14	18	47	12770	26062	1060	821	8	1	0	3	1	354	43	29	0	11	1	17	109	
1281	Student	3	1	12030	15	28	18	49	12030	26889	226	0	4	2	2	11	1	386	40	31	1	12	1	17	109	
1386	Faculty	2	1	5005	17	36	18	60	5005	34573	146	0	3	2	3	10	1	386	12	44	5	19	2	18	109	
1402	Faculty	2	1	10229	8	0	8	0	0	0	0	0	0	0	0	0	2	672	6	0	0	0	0	0	109	
1404	Student	3	1	10865	8	0	8	0	0	0	0	0	0	0	0	0	2	672	4	0	0	0	0	0	109	
1401	Student	3	1	2062	18	30	19	4	2062	37777	39	0	5	2	5	7	1	365	4	58	3	31	5	19	109	
1338	Faculty	2	1	9849	16	27	19	11	9849	30410	287	0	3	2	3	10	1	386	28	31	0	13	1	17	109	
1391	Student	3	1	3792	18	2	19	5	3792	36109	71	0	9	1	0	5	1	384	2	45	1	22	4	18	109	
1388	Visitor	1	1	4825	17	47	19	8	4825	35244	201	0	7	1	0	3	1	354	4	44	2	21	3	18	109	
1396	Faculty	2	1	2430	18	29	19	9	2430	37714	71	0	10	1	0	5	1	384	5	58	3	31	5	19	109	
1394	Faculty	2	1	3284	18	12	19	7	3284	36745	96	0	6	2	4	8	1	365	3	53	2	28	5	18	109	
1318	Student	3	1	11722	16	4	19	20	11722	29064	604	384	10	1	0	5	1	384	33	30	0	10	2	18	109	
1224	Staff	5	1	14157	15	33	19	29	14157	27181	177	0	5	2	4	8	2	365	40	31	1	12	1	17	109	
1346	Faculty	2	1	8934	16	49	19	18	8934	31746	261	0	5	2	3	9	2	365	22	34	1	16	1	16	109	
1332	Faculty	2	1	10313	16	32	19	24	10313	30731	301	0	10	1	0	5	1	384	30	32	0	15	0	17	109	
1366	Student	3	1	9212	17	2	19	36	9212	32525	173	0	3	2	5	8	1	386	21	35	2	16	1	16	109	
1321	Faculty	2	1	10258	16	34	19	25	10258	30818	299	0	6	2	2	10	2	365	28	34	0	17	0	17	109	
1412	Student	3	1	1153	19	21	19	40	1153	40869	22	0	5	2	3	9	1	365	4	65	6	32	6	21	109	
1378	Student	3	1	7022	17	45	19	42	7022	35082	132	0	6	2	3	9	2	365	5	43	1	21	3	18	109	
1381	Student	3	1	7063	17	27	19	25	7063	34010	132	0	5	2	2	10	1	365	11	40	1	20	2	17	109	
1415	Faculty	2	1	1001	19	33	19	49	1001	41553	29	0	6	2	3	9	1	365	3	70	7	36	6	21	109	
1375	Faculty	2	1	7228	17	40	19	41	7228	34827	211	0	5	2	3	9	2	365	8	43	3	19	3	18	109	
1285	Staff	5	1	14312	16	5	8	0	0	29119	0	0	11	3	2	2	2	654	33	30	0	10	2	18	0	
1313	Staff	5	1	14090	15	56	19	51	14090	28566	1547	1371	9	1	0	5	1	384	38	32	1	9	4	18	0	
1317	Student	3	1	13736	15	59	19	48	13736	28769	1481	1223	10	1	0	5	1	384	36	31	0	9	4	18	0	
1333	Student	3	1	14331	16	44	8	0	0	31416	0	0	1	4	7	4	1	672	22	35	0	18	1	16	0	
1370	Student	3	1	13587	17	26	8	0	0	33986	0	0	12	3	2	2	2	654	12	40	1	20	2	17	0	
1374	Visitor	1	1	8432	17	20	19	40	8432	33578	351	0	9	1	0	5	1	384	11	41	1	20	3	17	0	
1376	Student	3	1	13630	17	44	8	0	0	35024	0	0	5	2	3	9	2	365	7	43	1	21	3	18	0	
1377	Staff	5	1	13628	17	40	8	0	0	34782	0	0	6	2	2	10	2	365	10	42	3	18	3	18	0	
1380	Student	3	1	13484	17	41	8	0	0	34860	0	0	7	1	1	2	2	354	7	43	3	19	3	18	0	
1382	Student	3	1	9158	17	44	8	0	0	35063	0	0	3	2	4	9	1	386	6	43	1	21	3	18	0	
1383	Student	3	1	12433	17	39	8	0	0	34765	0	0	8	1	0	3	1	354	11	42	3	18	3	18	0	
1389	Faculty	2	1	7915	17	56	8	0	0	35776	0	0	9	1	1	4	1	384	2	46	2	22	4	18	0	
1393	Staff	5	1	10403	18	13	8	0	0	36798	0	0	10	1	0	5	1	384	3	54	2	28	5	19	0	
1400	Staff	5	1	6539	18	38	8	0	0	38274	0	0	7	1	0	3	1	354	6	59	2	33	5	19	0	
1403	Student	3	1	5103	18	48	8	0	0	38895	0	0	5	2	5	7	1	365	3	61	3	33	6	19	0	
1405	Visitor	1	1	7144	18	48	8	0	0	38852	0	0	6	2	6	6	1	365	4	60	2	33	6	19	0	
1406	Student	3	1	3766	18	52	19	55	3766	39148	71	0	6	2	6	6	2	365	5	65	3	36	6	20	0	
1407	Faculty	2	1	3421	19	20	8	0	0	40793	0	0	6	2	2	10	2	365	5	65	6	32	6	21	0	
1408	Student	3	1	6261	19	1	8	0	0	39663	0	0	6	2	4	8	1	365	4	64	3	34	6	21	0	
1409	Student	3	1	13139	19	8	8	0	0	40070	0	0	6	2	3	9	1	365	4	64	4	33	6	21	0	
1411	Student	3	1	7305	19	1	8	0	0	39644	0	0	5	2	4	8	1	365	5	64	3	34	6	21	0	
1413	Student	3	1	7059	19	22	8	0	0	40922	0	0	6	2	2	10	2	365	3	65	6	32	6	21	0	
1414	Student	3	1	5685	19	8	8	0	0	40073	0	0	5	2	4	8	1	365	3	64	4	33	6	21	0	
1417	Visitor	1	1	6491	19	37	8	0	0	41839	0	0	12	3	2	2	1	654	2	70	7	37	5	21	0	
1418	Visitor	1	1	6083	19	26	8	0	0	41185	0	0	7	1	0	3	1	354	2	69	7	35	6	21	0	
1419	Student	3	1	10864	19	43	8	0	0	42188	0	0	12	3	1	3	1	654	2	71	6	40	4	21	0	
1420	Faculty	2	1	8252	19	42	8	0	0	42096	0	0	9	1	2	3	1	384	3	69	6	38	4	21	0	
1421	Student	3	1	2605	19	43	8	0	0	42207	0	0	10	1	2	3	1	384	1	71	6	40	4	21	0	
1423	Student	3	1	12775	19	56	8	0	0	42953	0	0	10	1	1	4	1	384	3	71	5	41	4	21	0	
1424	Visitor	1	1	1494	8	0	8	0	0	0	0	0	0	0	0	0	1	672	0	0	0	0	0	0	0	
1425	Faculty	2	1	7056	19	54	8	0	0	42823	0	0	10	1	1	4	1	384	3	72	6	41	4	21	0	
1426	Staff	5	1	12806	8	0	8	0	0	0	0	0	0	0	0	0	1	672	0	0	0	0	0	0	0	
1427	Visitor	1	1	4620	8	0	8	0	0	0	0	0	0	0	0	0	1	672	0	0	0	0	0	0	0	
1428	Student	3	1	6008	8	0	8	0	0	0	0	0	0	0	0	0	1	672	0	0	0	0	0	0	0	
1429	Student	3	1	6893	8	0	8	0	0	0	0	0	0	0	0	0	1	672	0	0	0	0	0	0	0	
1430	Staff	5	1	463	8	0	8	0	0	0	0	0	0	0	0	0	1	672	0	0	0	0	0	0	0	
1431	Staff	5	1	11797	8	0	8	0	0	0	0	0	0	0	0	0	1	672	0	0	0	0	0	0	0	
939	Visitor	1	1	364	8	34	8	41	364	2067	15	0	8	1	1	2	1	354	13	90	13	47	8	22	0	
936	Staff	5	1	921	8	29	8	45	921	1750	12	0	5	2	10	2	1	365	10	94	15	49	8	22	1	
969	Staff	5	1	3110	8	0	8	0	0	0	0	0	0	0	0	0	2	672	19	0	0	0	0	0	1	
965	Student	3	1	805	8	58	9	11	805	3482	15	0	7	1	0	3	1	354	15	72	8	34	8	22	1	
974	Student	3	1	473	9	8	9	16	473	4106	9	0	3	2	12	1	1	386	20	65	6	29	8	22	1	
941	Faculty	2	1	1867	8	36	9	7	1867	2176	54	0	6	2	9	3	1	365	13	88	12	46	8	22	1	
954	Student	3	1	906	8	56	9	11	906	3338	17	0	5	2	3	9	1	365	15	73	8	35	8	22	1	
952	Student	3	1	2133	8	51	9	27	2133	3077	40	0	5	2	4	8	1	365	14	77	10	37	8	22	1	
931	Staff	5	1	2909	8	21	9	9	2909	1261	36	0	5	2	11	1	1	365	4	98	16	52	8	22	2	
964	Faculty	2	1	717	9	8	9	20	717	4105	21	0	6	2	0	12	1	365	21	65	6	29	8	22	2	
976	Staff	5	1	419	9	14	9	21	419	4451	5	0	9	1	2	3	1	384	19	62	4	28	8	22	2	
981	Faculty	2	1	735	9	27	9	39	735	5224	21	0	6	2	2	10	1	365	14	56	2	26	6	22	2	
1001	Student	3	1	1807	8	0	8	0	0	0	0	0	0	0	0	0	2	672	13	0	0	0	0	0	2	
1003	Student	3	1	1066	8	0	8	0	0	0	0	0	0	0	0	0	2	672	13	0	0	0	0	0	2	
968	Student	3	1	727	9	23	9	35	727	4951	14	0	12	3	3	1	1	654	18	59	2	28	7	22	2	
990	Student	3	1	5367	8	0	8	0	0	0	0	0	0	0	0	0	2	672	12	0	0	0	0	0	2	
977	Visitor	1	1	697	9	25	9	36	697	5083	29	0	11	3	3	1	1	654	15	58	2	28	6	22	2	
955	Staff	5	1	3181	8	45	9	38	3181	2717	40	0	10	1	3	2	1	384	14	79	10	39	8	22	2	
973	Visitor	1	1	778	9	16	9	29	778	4574	32	0	10	1	1	4	1	384	20	60	3	27	8	22	2	
985	Faculty	2	1	2592	9	14	9	57	2592	4416	76	0	4	2	9	4	1	386	20	63	5	28	8	22	2	
953	Faculty	2	1	2891	8	53	9	41	2891	3163	84	0	6	2	3	9	1	365	15	75	9	36	8	22	2	
958	Visitor	1	1	2493	9	4	9	46	2493	3855	104	0	6	2	1	11	1	365	20	69	7	32	8	22	3	
978	Staff	5	1	1821	9	18	9	48	1821	4661	23	0	4	2	8	5	1	386	21	60	2	28	8	22	3	
943	Faculty	2	1	3761	8	42	9	45	3761	2513	110	0	5	2	6	6	1	365	13	83	12	41	8	22	5	
980	Student	3	1	2239	9	19	9	57	2239	4758	42	0	9	1	0	5	1	384	19	60	2	28	8	22	6	
1014	Faculty	2	1	2736	8	0	8	0	0	0	0	0	0	0	0	0	2	672	13	0	0	0	0	0	7	
944	Visitor	1	1	5101	8	39	10	4	5101	2322	213	0	7	1	1	2	1	354	12	85	11	44	8	22	7	
1017	Student	3	1	7128	8	0	8	0	0	0	0	0	0	0	0	0	2	672	13	0	0	0	0	0	7	
1019	Visitor	1	1	5562	8	0	8	0	0	0	0	0	0	0	0	0	2	672	13	0	0	0	0	0	7	
1021	Student	3	1	8053	8	0	8	0	0	0	0	0	0	0	0	0	2	672	13	0	0	0	0	0	8	
1002	Faculty	2	1	2232	9	28	10	5	2232	5286	65	0	5	2	4	8	1	365	14	57	2	27	6	22	8	
992	Student	3	1	1586	9	42	10	8	1586	6092	30	0	5	2	2	10	2	365	13	57	4	23	8	22	8	
1024	Student	3	1	9406	8	0	8	0	0	0	0	0	0	0	0	0	2	672	14	0	0	0	0	0	8	
1023	Visitor	1	1	4598	8	0	8	0	0	0	0	0	0	0	0	0	2	672	13	0	0	0	0	0	8	
1025	Visitor	1	1	1214	10	9	10	29	1214	7713	51	0	0	4	10	1	1	672	13	53	3	27	2	21	8	
934	Visitor	1	1	6718	8	25	10	17	6718	1513	280	0	6	2	11	1	1	365	8	96	15	51	8	22	8	
984	Staff	5	1	3875	9	10	10	14	3875	4181	48	0	4	2	12	1	1	386	19	64	5	29	8	22	8	
1029	Staff	5	1	13239	8	0	8	0	0	0	0	0	0	0	0	0	2	672	14	0	0	0	0	0	8	
949	Student	3	1	6347	8	45	10	31	6347	2718	119	0	6	2	6	6	1	365	13	79	10	39	8	22	8	
1013	Faculty	2	1	1865	9	54	10	25	1865	6853	54	0	10	1	0	5	1	384	13	56	2	27	5	22	8	
1020	Staff	5	1	816	10	20	10	34	816	8426	10	0	6	2	3	9	2	365	14	53	3	27	2	21	8	
937	Visitor	1	1	6153	8	32	10	14	6153	1914	256	0	6	2	9	3	1	365	12	92	14	48	8	22	8	
988	Staff	5	1	4046	9	22	10	30	4046	4949	51	0	9	1	0	5	1	384	19	59	2	28	7	22	8	
951	Visitor	1	1	5254	8	49	10	16	5254	2911	219	0	6	2	5	7	1	365	14	79	10	39	8	22	9	
1018	Student	3	1	1687	10	13	10	42	1687	8008	32	0	6	2	0	12	2	365	14	52	3	26	2	21	9	
962	Faculty	2	1	5622	8	54	10	28	5622	3258	164	0	5	2	4	8	1	365	15	75	9	36	8	22	9	
1007	Staff	5	1	2449	9	39	10	20	2449	5968	31	0	3	2	12	1	1	386	16	56	4	22	8	22	9	
998	Staff	5	1	4670	9	32	10	50	4670	5513	58	0	4	2	5	8	1	386	15	56	2	26	6	22	9	
1032	Visitor	1	1	1460	10	27	10	52	1460	8843	61	0	3	2	9	4	1	386	14	52	4	25	2	21	10	
1043	Staff	5	1	11928	8	0	8	0	0	0	0	0	0	0	0	0	2	672	10	0	0	0	0	0	10	
966	Staff	5	1	6267	8	58	10	42	6267	3476	78	0	8	1	0	3	1	354	16	72	8	34	8	22	10	
1052	Visitor	1	1	4124	8	0	8	0	0	0	0	0	0	0	0	0	2	672	11	0	0	0	0	0	10	
1048	Visitor	1	1	1142	10	46	11	5	1142	9950	48	0	0	4	10	1	1	672	11	49	4	25	0	20	10	
961	Faculty	2	1	7550	8	60	11	6	7550	3588	220	0	6	2	3	9	1	365	15	71	7	34	8	22	10	
1004	Student	3	1	3910	9	54	10	59	3910	6813	73	0	12	3	2	2	2	654	14	56	2	27	5	22	10	
995	Staff	5	1	4865	9	35	10	56	4865	5705	61	0	10	1	0	5	1	384	15	54	2	24	6	22	11	
975	Staff	5	1	5953	9	18	10	57	5953	4679	74	0	6	2	1	11	1	365	20	60	2	28	8	22	11	
1054	Student	3	1	546	10	51	11	1	546	10287	10	0	7	1	0	3	1	354	10	46	2	24	0	20	11	
959	Student	3	1	7855	8	49	10	60	7855	2931	147	0	10	1	3	2	1	384	13	79	10	39	8	22	11	
1057	Student	3	1	121	10	57	10	59	121	10613	2	0	3	2	9	4	1	386	13	46	2	24	0	20	11	
947	Visitor	1	1	8891	8	45	11	14	8891	2724	370	0	5	2	4	8	1	365	12	79	10	39	8	22	11	
1060	Visitor	1	1	8089	8	0	8	0	0	0	0	0	0	0	0	0	2	672	8	0	0	0	0	0	11	
1056	Visitor	1	1	249	8	0	8	0	0	0	0	0	0	0	0	0	2	672	9	0	0	0	0	0	11	
994	Faculty	2	1	5304	9	40	11	8	5304	5999	155	0	4	2	5	8	1	386	15	56	4	22	8	22	11	
993	Visitor	1	1	5656	9	36	11	11	5656	5787	236	0	4	2	5	8	1	386	14	55	2	24	7	22	11	
1015	Visitor	1	1	4116	10	10	11	18	4116	7773	171	0	12	3	1	3	1	654	12	53	3	27	2	21	11	
972	Student	3	1	7632	9	5	11	12	7632	3876	143	0	10	1	2	3	1	384	19	69	7	32	8	22	11	
933	Faculty	2	1	10365	8	27	11	19	10365	1596	302	0	8	1	2	1	1	354	9	95	15	50	8	22	14	
986	Staff	5	1	6488	9	21	11	9	6488	4847	81	0	4	2	8	5	1	386	20	60	2	29	7	22	14	
1010	Visitor	1	1	5448	9	45	11	16	5448	6313	227	0	10	1	1	4	1	384	12	57	3	24	8	22	14	
1050	Student	3	1	3103	10	43	11	35	3103	9776	58	0	1	4	10	1	1	672	11	50	3	26	0	21	14	
956	Student	3	1	8677	8	59	11	23	8677	3519	163	0	5	2	2	10	1	365	15	72	8	34	8	22	14	
1031	Student	3	1	3953	10	21	11	27	3953	8472	74	0	3	2	9	4	1	386	14	52	3	26	2	21	14	
945	Visitor	1	1	9987	8	42	11	28	9987	2520	416	0	8	1	1	2	1	354	12	83	12	41	8	22	14	
1075	Staff	5	1	14797	8	0	8	0	0	0	0	0	0	0	0	0	2	672	13	0	0	0	0	0	15	
1065	Visitor	1	1	3554	8	0	8	0	0	0	0	0	0	0	0	0	2	672	11	0	0	0	0	0	15	
1078	Visitor	1	1	10446	8	0	8	0	0	0	0	0	0	0	0	0	2	672	13	0	0	0	0	0	15	
1073	Staff	5	1	1324	11	17	11	39	1324	11843	17	0	4	2	8	5	1	386	10	46	2	22	1	21	15	
970	Student	3	1	9400	9	12	11	48	9400	4294	176	0	5	2	3	9	1	365	18	64	4	30	8	22	15	
1081	Visitor	1	1	8605	8	0	8	0	0	0	0	0	0	0	0	0	2	672	17	0	0	0	0	0	15	
1006	Student	3	1	6256	9	60	11	44	6256	7191	117	0	11	3	1	3	1	654	13	56	3	28	3	22	15	
1088	Student	3	1	6643	8	0	8	0	0	0	0	0	0	0	0	0	2	672	15	0	0	0	0	0	15	
979	Staff	5	1	8984	9	24	11	54	8984	5037	112	0	6	2	1	11	1	365	17	57	2	27	6	22	15	
1089	Student	3	1	5071	8	0	8	0	0	0	0	0	0	0	0	0	2	672	15	0	0	0	0	0	15	
1047	Staff	5	1	3908	10	42	11	47	3908	9724	49	0	9	1	1	4	1	384	12	50	3	25	0	22	15	
982	Student	3	1	9295	9	24	11	59	9295	5064	174	0	4	2	6	7	1	386	16	58	2	28	6	22	16	
983	Student	3	1	9660	9	9	11	50	9660	4112	181	0	9	1	4	1	1	384	19	65	6	29	8	22	16	
1070	Student	3	1	999	11	25	11	41	999	12273	19	0	4	2	8	5	1	386	7	49	4	22	2	21	16	
996	Visitor	1	1	7805	9	50	11	60	7805	6586	325	0	12	3	3	1	2	654	12	57	2	27	6	22	16	
1045	Student	3	1	3025	11	5	11	55	3025	11076	57	0	6	2	1	11	2	365	15	46	3	22	1	20	16	
1095	Visitor	1	1	3621	8	0	8	0	0	0	0	0	0	0	0	0	2	672	17	0	0	0	0	0	16	
1061	Visitor	1	1	3835	11	6	12	10	3835	11139	160	0	3	2	6	7	1	386	14	45	3	21	1	20	17	
1076	Student	3	1	2022	11	34	12	7	2022	12811	38	0	3	2	6	7	1	386	14	49	5	21	2	21	17	
1039	Faculty	2	1	5297	10	48	12	16	5297	10074	154	0	12	3	0	4	2	654	9	47	3	24	0	20	18	
1034	Staff	5	1	5733	10	31	12	6	5733	9041	72	0	3	2	9	4	1	386	13	52	3	25	2	22	18	
1016	Student	3	1	7591	10	7	12	14	7591	7636	142	0	9	1	1	4	1	384	14	54	3	27	2	22	18	
1067	Student	3	1	1742	11	50	12	19	1742	13787	33	0	12	3	1	3	2	654	16	49	5	20	2	22	18	
1112	Student	3	1	13352	8	0	8	0	0	0	0	0	0	0	0	0	2	672	11	0	0	0	0	0	18	
1110	Student	3	1	5313	8	0	8	0	0	0	0	0	0	0	0	0	2	672	8	0	0	0	0	0	18	
1033	Faculty	2	1	6429	10	35	12	22	6429	9298	188	0	10	1	0	5	1	384	11	54	4	26	2	22	18	
940	Staff	5	1	13493	8	39	12	24	13493	2337	169	0	5	2	7	5	1	365	11	85	11	44	8	22	18	
1027	Visitor	1	1	7397	10	16	12	19	7397	8164	308	0	3	2	10	3	1	386	12	52	3	26	2	21	18	
1049	Student	3	1	5264	10	58	12	26	5264	10685	99	0	6	2	1	11	2	365	12	48	3	25	0	20	18	
1038	Faculty	2	1	5959	10	47	12	26	5959	9993	174	0	11	3	0	4	2	654	9	49	4	25	0	20	18	
1103	Faculty	2	1	1100	12	16	12	34	1100	15333	32	0	4	2	4	9	1	386	16	43	4	15	2	22	18	
1036	Faculty	2	1	8110	10	22	12	37	8110	8497	237	0	5	2	4	8	1	365	13	52	3	26	2	21	19	
1062	Faculty	2	1	5022	11	5	12	29	5022	11129	146	0	10	1	0	5	1	384	15	45	3	21	1	20	19	
1115	Visitor	1	1	1374	12	22	12	45	1374	15698	57	0	3	2	6	7	1	386	13	43	4	14	3	22	19	
1037	Faculty	2	1	6074	10	47	12	28	6074	9990	177	0	6	2	2	10	2	365	10	49	4	25	0	20	19	
1099	Student	3	1	122	12	33	12	35	122	16404	2	0	6	2	2	10	2	365	5	45	5	15	3	22	19	
1096	Student	3	1	2211	12	10	12	47	2211	14981	41	0	5	2	2	10	2	365	17	44	3	16	3	22	19	
1084	Visitor	1	1	3456	11	50	12	47	3456	13794	144	0	4	2	5	8	1	386	15	49	5	20	2	22	19	
1005	Faculty	2	1	10519	9	53	12	48	10519	6787	307	0	6	2	3	9	1	365	15	56	2	27	5	22	19	
1101	Student	3	1	2935	11	59	12	48	2935	14332	55	0	4	2	3	10	1	386	17	44	3	17	2	22	19	
1064	Student	3	1	5003	11	16	12	39	5003	11763	94	0	3	2	6	7	1	386	11	47	2	23	1	21	19	
942	Staff	5	1	14807	8	34	12	41	14807	2060	1855	1670	7	1	2	1	1	354	14	90	13	47	8	22	19	
1120	Student	3	1	6274	8	0	8	0	0	0	0	0	0	0	0	0	2	672	5	0	0	0	0	0	20	
1066	Staff	5	1	6538	11	7	12	56	6538	11231	82	0	4	2	7	6	1	386	13	47	3	22	1	21	20	
1114	Visitor	1	1	603	12	42	12	52	603	16916	25	0	12	3	1	3	1	654	7	48	6	18	2	22	20	
971	Student	3	1	12655	9	15	12	46	12655	4524	237	0	5	2	3	9	1	365	20	60	3	27	8	22	20	
1068	Student	3	1	6537	11	11	12	60	6537	11448	123	0	4	2	8	5	1	386	15	46	2	22	1	21	20	
1042	Staff	5	1	8431	10	29	12	49	8431	8924	105	0	6	2	2	10	1	365	13	51	3	25	2	21	20	
1126	Staff	5	1	14691	8	0	8	0	0	0	0	0	0	0	0	0	2	672	3	0	0	0	0	0	20	
1063	Staff	5	1	6530	11	12	13	1	6530	11537	82	0	10	1	0	5	1	384	14	46	2	22	1	21	20	
989	Student	3	1	12805	9	26	12	59	12805	5137	1076	836	9	1	1	4	1	384	15	58	3	27	6	22	20	
1118	Staff	5	1	1796	12	31	13	1	1796	16250	22	0	10	1	1	4	1	384	6	45	5	15	3	22	20	
1040	Student	3	1	9836	10	30	13	14	9836	9021	184	0	5	2	4	8	1	365	14	52	3	25	2	22	20	
1082	Staff	5	1	5809	11	43	13	19	5809	13356	73	0	4	2	5	8	1	386	12	47	4	19	2	22	20	
1094	Visitor	1	1	2592	12	28	13	12	2592	16099	108	0	6	2	1	11	2	365	9	43	4	14	3	22	20	
1106	Staff	5	1	3257	12	18	13	13	3257	15507	41	0	5	2	2	10	1	365	15	43	4	14	3	22	20	
1077	Faculty	2	1	5853	11	38	13	15	5853	13057	171	0	4	2	5	8	1	386	12	49	5	20	2	22	20	
997	Student	3	1	12530	9	46	13	15	12530	6355	235	0	5	2	3	9	2	365	11	57	3	25	7	22	20	
1087	Student	3	1	4990	11	55	13	18	4990	14082	94	0	4	2	4	9	1	386	15	47	4	19	2	22	20	
1092	Faculty	2	1	3891	12	18	13	22	3891	15455	113	0	11	3	0	4	2	654	16	43	4	14	3	22	20	
1071	Visitor	1	1	7937	11	14	13	26	7937	11646	331	0	7	1	0	3	1	354	13	48	3	23	1	21	20	
999	Student	3	1	13766	9	40	13	30	13766	6008	258	0	6	2	1	11	2	365	14	57	4	23	8	22	22	
1072	Faculty	2	1	8008	11	21	13	35	8008	12090	234	0	6	2	1	11	1	365	9	48	4	21	2	21	22	
1102	Student	3	1	5303	12	11	13	39	5303	15041	99	0	3	2	6	7	1	386	16	44	3	16	3	22	22	
1000	Student	3	1	13901	9	48	13	39	13901	6453	261	0	11	3	3	1	2	654	13	57	2	26	7	22	23	
1059	Staff	5	1	9307	11	12	13	47	9307	11542	116	0	3	2	7	6	1	386	13	46	2	22	1	21	23	
1144	Student	3	1	2009	8	0	8	0	0	0	0	0	0	0	0	0	2	672	27	0	0	0	0	0	23	
1058	Student	3	1	9751	10	56	13	38	9751	10559	183	0	7	1	0	3	1	354	13	46	2	24	0	20	23	
1009	Student	3	1	12915	10	5	13	40	12915	7514	242	0	11	3	1	3	1	654	14	54	3	27	2	22	24	
1035	Faculty	2	1	10579	10	33	13	29	10579	9155	309	0	6	2	2	10	2	365	12	53	4	25	2	22	24	
1134	Visitor	1	1	1416	13	19	13	43	1416	19160	59	0	10	1	2	3	1	384	12	57	4	28	3	22	24	
1146	Student	3	1	11964	8	0	8	0	0	0	0	0	0	0	0	0	2	672	27	0	0	0	0	0	24	
1085	Student	3	1	7465	11	50	13	55	7465	13827	140	0	4	2	5	8	1	386	14	49	5	20	2	22	24	
1149	Student	3	1	9407	8	0	8	0	0	0	0	0	0	0	0	0	2	672	24	0	0	0	0	0	24	
1158	Student	3	1	461	8	0	8	0	0	0	0	0	0	0	0	0	2	672	27	0	0	0	0	0	24	
1162	Faculty	2	1	6747	8	0	8	0	0	0	0	0	0	0	0	0	2	672	27	0	0	0	0	0	24	
1098	Student	3	1	7043	12	6	14	3	7043	14738	132	0	5	2	2	10	1	365	17	43	3	15	3	22	25	
1093	Faculty	2	1	6765	12	3	13	56	6765	14603	197	0	9	1	0	5	1	384	16	44	3	16	3	22	25	
1131	Staff	5	1	2703	13	15	13	60	2703	18894	34	0	9	1	1	4	1	384	7	55	5	25	3	22	25	
1170	Visitor	1	1	3235	8	0	8	0	0	0	0	0	0	0	0	0	2	672	27	0	0	0	0	0	26	
1173	Faculty	2	1	9919	8	0	8	0	0	0	0	0	0	0	0	0	2	672	26	0	0	0	0	0	26	
1179	Visitor	1	1	4581	8	0	8	0	0	0	0	0	0	0	0	0	2	672	28	0	0	0	0	0	26	
1051	Staff	5	1	11657	10	53	14	7	11657	10357	146	0	6	2	0	12	1	365	10	47	2	25	0	20	26	
1044	Student	3	1	12766	10	35	14	8	12766	9310	239	0	5	2	3	9	1	365	10	54	4	26	2	22	26	
1180	Staff	5	1	5822	8	0	8	0	0	0	0	0	0	0	0	0	2	672	26	0	0	0	0	0	26	
1155	Faculty	2	1	1831	13	37	14	7	1831	20217	53	0	6	2	3	9	1	365	23	54	2	26	4	22	26	
1069	Faculty	2	1	10451	11	21	14	16	10451	12087	305	0	10	1	1	4	1	384	10	48	4	21	2	21	28	
1140	Staff	5	1	3402	13	39	14	36	3402	20334	43	0	5	2	3	9	1	365	25	52	1	25	4	22	32	
1107	Staff	5	1	8232	12	20	14	37	8232	15573	103	0	6	2	0	12	1	365	14	43	4	14	3	22	33	
1190	Visitor	1	1	9252	8	0	8	0	0	0	0	0	0	0	0	0	2	672	26	0	0	0	0	0	33	
1188	Student	3	1	754	8	0	8	0	0	0	0	0	0	0	0	0	2	672	30	0	0	0	0	0	33	
1167	Student	3	1	387	14	26	14	33	387	23180	7	0	11	3	0	4	2	654	24	32	1	11	0	20	33	
1196	Student	3	1	481	8	0	8	0	0	0	0	0	0	0	0	0	2	672	31	0	0	0	0	0	34	
1200	Faculty	2	1	4828	8	0	8	0	0	0	0	0	0	0	0	0	2	672	27	0	0	0	0	0	34	
1204	Student	3	1	12426	8	0	8	0	0	0	0	0	0	0	0	0	2	672	31	0	0	0	0	0	35	
1117	Student	3	1	7396	12	29	14	32	7396	16149	139	0	4	2	3	10	1	386	7	44	4	15	3	22	35	
1201	Faculty	2	1	4124	8	0	8	0	0	0	0	0	0	0	0	0	2	672	27	0	0	0	0	0	35	
1147	Faculty	2	1	3874	13	37	14	41	3874	20206	113	0	6	2	3	9	1	365	24	54	2	26	4	22	35	
1165	Visitor	1	1	1156	14	14	14	33	1156	22432	48	0	11	3	1	3	2	654	26	36	1	14	1	20	35	
1211	Visitor	1	1	8994	8	0	8	0	0	0	0	0	0	0	0	0	2	672	29	0	0	0	0	0	35	
1108	Student	3	1	7868	12	22	14	34	7868	15749	148	0	12	3	3	1	2	654	12	43	4	14	3	22	35	
1022	Staff	5	1	14549	10	31	14	33	14549	9053	182	0	6	2	1	11	2	365	12	53	4	25	2	22	35	
1202	Visitor	1	1	8327	8	0	8	0	0	0	0	0	0	0	0	0	2	672	29	0	0	0	0	0	35	
1187	Faculty	2	1	1221	14	16	14	36	1221	22560	36	0	9	1	0	5	1	384	27	35	1	13	1	20	35	
1122	Student	3	1	6539	12	49	14	38	6539	17369	123	0	7	1	0	3	1	354	4	51	4	23	2	22	35	
1212	Staff	5	1	1820	8	0	8	0	0	0	0	0	0	0	0	0	2	672	31	0	0	0	0	0	35	
1205	Student	3	1	2744	8	0	8	0	0	0	0	0	0	0	0	0	2	672	34	0	0	0	0	0	35	
1216	Faculty	2	1	7861	8	0	8	0	0	0	0	0	0	0	0	0	2	672	33	0	0	0	0	0	35	
1172	Visitor	1	1	2378	13	52	14	32	2378	21117	99	0	4	2	9	4	1	386	28	49	2	22	4	21	35	
1215	Faculty	2	1	185	8	0	8	0	0	0	0	0	0	0	0	0	2	672	33	0	0	0	0	0	35	
1175	Faculty	2	1	2882	13	58	14	46	2882	21507	84	0	4	2	8	5	1	386	28	47	3	20	3	21	35	
1177	Student	3	1	2116	14	6	14	42	2116	21987	40	0	3	2	5	8	1	386	23	43	2	18	3	20	35	
1121	Student	3	1	6964	12	54	14	50	6964	17660	131	0	8	1	1	2	2	354	4	52	3	24	3	22	35	
1105	Faculty	2	1	9532	12	15	14	54	9532	15316	278	0	5	2	2	10	1	365	17	43	4	15	2	22	35	
1230	Student	3	1	6192	8	0	8	0	0	0	0	0	0	0	0	0	2	672	34	0	0	0	0	0	35	
1231	Student	3	1	5411	8	0	8	0	0	0	0	0	0	0	0	0	2	672	34	0	0	0	0	0	36	
1086	Staff	5	1	11479	11	40	14	51	11479	13175	426	283	10	1	0	5	1	384	10	47	4	19	2	22	36	
1168	Staff	5	1	3719	13	49	14	51	3719	20936	46	0	10	1	0	5	1	384	28	51	2	24	4	21	36	
1213	Visitor	1	1	6500	8	0	8	0	0	0	0	0	0	0	0	0	2	672	34	0	0	0	0	0	36	
1176	Staff	5	1	3484	14	5	15	3	3484	21871	44	0	4	2	6	7	1	386	25	44	3	18	3	20	36	
1161	Student	3	1	3255	14	5	14	59	3255	21908	61	0	12	3	0	4	1	654	25	43	2	18	3	20	36	
1111	Student	3	1	9022	12	26	14	56	9022	15961	169	0	3	2	5	8	1	386	11	42	4	14	2	22	36	
1233	Student	3	1	4211	8	0	8	0	0	0	0	0	0	0	0	0	2	672	34	0	0	0	0	0	37	
1210	Visitor	1	1	7529	8	0	8	0	0	0	0	0	0	0	0	0	2	672	32	0	0	0	0	0	37	
1141	Visitor	1	1	3863	13	55	14	59	3863	21279	161	0	6	2	0	12	2	365	28	48	2	21	4	21	38	
1150	Visitor	1	1	5160	13	45	15	11	5160	20673	215	0	11	3	3	1	1	654	26	55	3	25	5	22	38	
1235	Faculty	2	1	3656	8	0	8	0	0	0	0	0	0	0	0	0	2	672	35	0	0	0	0	0	38	
1119	Student	3	1	8962	12	41	15	10	8962	16857	168	0	3	2	5	8	1	386	8	47	5	18	2	22	38	
1250	Student	3	1	5424	8	0	8	0	0	0	0	0	0	0	0	0	2	672	31	0	0	0	0	0	39	
1128	Student	3	1	6309	13	14	14	59	6309	18840	118	0	5	2	4	8	2	365	7	55	5	25	3	22	41	
1137	Student	3	1	6239	13	24	15	8	6239	19433	117	0	5	2	3	9	1	365	14	55	2	27	4	22	42	
1178	Student	3	1	3529	14	12	15	11	3529	22317	66	0	9	1	0	5	1	384	28	38	1	15	2	20	43	
1125	Faculty	2	1	8963	12	48	15	17	8963	17264	261	0	8	1	2	1	1	354	4	48	4	20	2	22	43	
1256	Student	3	1	2564	8	0	8	0	0	0	0	0	0	0	0	0	2	672	32	0	0	0	0	0	43	
1257	Staff	5	1	468	15	8	15	16	468	25662	6	0	10	1	0	5	1	384	34	34	1	12	2	19	43	
1246	Staff	5	1	11415	8	0	8	0	0	0	0	0	0	0	0	0	2	672	25	0	0	0	0	0	43	
1100	Student	3	1	12026	11	59	15	20	12026	14348	736	511	9	1	0	5	1	384	16	44	3	17	2	22	44	
1247	Visitor	1	1	3369	8	0	8	0	0	0	0	0	0	0	0	0	2	672	31	0	0	0	0	0	44	
1262	Visitor	1	1	3685	8	0	8	0	0	0	0	0	0	0	0	0	2	672	29	0	0	0	0	0	44	
1244	Student	3	1	11392	8	0	8	0	0	0	0	0	0	0	0	0	2	672	27	0	0	0	0	0	44	
1258	Staff	5	1	3012	8	0	8	0	0	0	0	0	0	0	0	0	2	672	29	0	0	0	0	0	44	
1191	Student	3	1	5002	14	14	15	37	5002	22410	94	0	5	2	3	9	1	365	27	36	1	14	1	20	44	
1261	Student	3	1	4808	8	0	8	0	0	0	0	0	0	0	0	0	2	672	29	0	0	0	0	0	44	
1097	Student	3	1	12816	11	54	15	28	12816	14057	1080	840	9	1	1	4	1	384	16	46	4	18	2	22	44	
1253	Visitor	1	1	6816	8	0	8	0	0	0	0	0	0	0	0	0	2	672	28	0	0	0	0	0	44	
1264	Student	3	1	1413	8	0	8	0	0	0	0	0	0	0	0	0	2	672	27	0	0	0	0	0	47	
1164	Faculty	2	1	6300	14	2	15	47	6300	21721	184	0	6	2	0	12	1	365	25	45	4	18	3	20	49	
1074	Student	3	1	13917	11	16	15	8	13917	11763	261	0	3	2	6	7	1	386	12	47	2	23	1	21	49	
1265	Student	3	1	2787	8	0	8	0	0	0	0	0	0	0	0	0	2	672	27	0	0	0	0	0	49	
1090	Student	3	1	12386	11	47	15	14	12386	13624	232	0	3	2	5	8	1	386	16	47	4	19	2	22	50	
1252	Student	3	1	7595	8	0	8	0	0	0	0	0	0	0	0	0	2	672	27	0	0	0	0	0	51	
1220	Student	3	1	2438	15	4	15	45	2438	25433	46	0	11	3	1	3	1	654	35	36	2	11	3	20	53	
1143	Staff	5	1	5150	14	10	15	36	5150	22180	64	0	13	2	2	1	2	579	27	42	1	18	3	20	53	
1124	Staff	5	1	10375	12	45	15	38	10375	17089	130	0	5	2	3	9	1	365	6	47	6	17	2	22	53	
1279	Staff	5	1	10582	8	0	8	0	0	0	0	0	0	0	0	0	2	672	28	0	0	0	0	0	53	
1156	Student	3	1	8001	13	41	15	54	8001	20437	150	0	6	2	3	9	1	365	25	56	2	27	5	22	53	
1234	Visitor	1	1	4515	8	0	8	0	0	0	0	0	0	0	0	0	2	672	27	0	0	0	0	0	54	
1241	Student	3	1	3126	14	58	15	50	3126	25063	59	0	7	1	1	2	1	354	33	35	3	9	3	20	55	
1228	Student	3	1	3852	14	55	15	59	3852	24905	72	0	6	2	0	12	1	365	34	37	5	9	3	20	57	
1255	Student	3	1	310	8	0	8	0	0	0	0	0	0	0	0	0	2	672	28	0	0	0	0	0	57	
1254	Staff	5	1	9291	8	0	8	0	0	0	0	0	0	0	0	0	2	672	26	0	0	0	0	0	57	
1263	Staff	5	1	1847	15	25	15	56	1847	26715	23	0	3	2	2	11	1	386	33	34	3	9	3	19	57	
1274	Visitor	1	1	1047	15	39	15	56	1047	27514	44	0	3	2	1	12	1	386	25	32	1	11	1	19	57	
1163	Student	3	1	7506	14	1	16	6	7506	21656	141	0	1	4	9	2	1	672	26	46	4	19	3	20	57	
1291	Faculty	2	1	1286	8	0	8	0	0	0	0	0	0	0	0	0	2	672	27	0	0	0	0	0	57	
1268	Faculty	2	1	2437	15	19	15	60	2437	26361	71	0	3	2	5	8	1	386	32	37	3	12	3	19	57	
1283	Student	3	1	11862	8	0	8	0	0	0	0	0	0	0	0	0	2	672	26	0	0	0	0	0	57	
1288	Staff	5	1	9576	8	0	8	0	0	0	0	0	0	0	0	0	2	672	26	0	0	0	0	0	57	
1116	Student	3	1	11433	12	28	15	39	11433	16108	214	0	3	2	4	9	1	386	7	43	4	14	3	22	57	
1214	Visitor	1	1	2325	15	18	15	57	2325	26271	97	0	13	2	1	2	2	579	33	35	2	11	3	19	58	
1186	Student	3	1	6705	14	6	15	58	6705	21979	126	0	9	1	1	4	1	384	24	43	2	18	3	20	58	
1248	Student	3	1	2272	15	12	15	50	2272	25927	43	0	3	2	4	9	1	386	35	34	1	12	2	19	58	
1139	Student	3	1	8590	13	33	15	56	8590	19968	161	0	5	2	3	9	1	365	21	56	3	27	4	22	59	
1305	Visitor	1	1	1398	8	0	8	0	0	0	0	0	0	0	0	0	2	672	27	0	0	0	0	0	59	
1275	Student	3	1	12640	8	0	8	0	0	0	0	0	0	0	0	0	2	672	27	0	0	0	0	0	59	
1286	Faculty	2	1	8408	8	0	8	0	0	0	0	0	0	0	0	0	2	672	24	0	0	0	0	0	59	
1153	Faculty	2	1	8604	13	40	16	3	8604	20387	251	0	8	1	0	3	1	354	25	53	2	25	4	22	59	
1109	Student	3	1	13567	12	26	16	12	13567	15973	254	0	12	3	2	2	1	654	10	42	4	14	2	22	59	
1313	Faculty	2	1	4891	8	0	8	0	0	0	0	0	0	0	0	0	2	672	19	0	0	0	0	0	59	
1243	Student	3	1	4157	15	4	16	13	4157	25443	78	0	7	1	0	3	1	354	34	36	2	11	3	20	59	
1133	Visitor	1	1	9443	13	32	16	9	9443	19911	393	0	10	1	0	5	1	384	22	55	3	26	4	22	60	
1310	Staff	5	1	408	8	0	8	0	0	0	0	0	0	0	0	0	2	672	24	0	0	0	0	0	60	
1282	Faculty	2	1	2263	8	0	8	0	0	0	0	0	0	0	0	0	2	672	24	0	0	0	0	0	60	
1232	Visitor	1	1	3951	15	4	16	9	3951	25412	165	0	6	2	1	11	1	365	35	36	2	11	3	20	60	
1182	Visitor	1	1	7280	14	14	16	16	7280	22462	303	0	3	2	4	9	1	386	26	36	1	14	1	20	60	
1183	Visitor	1	1	7038	14	17	16	14	7038	22630	293	0	4	2	3	10	1	386	27	35	1	13	1	20	60	
1227	Visitor	1	1	5353	15	6	16	35	5353	25559	223	0	0	4	10	1	1	672	35	33	1	11	2	19	61	
1294	Faculty	2	1	6112	8	0	8	0	0	0	0	0	0	0	0	0	2	672	24	0	0	0	0	0	61	
1194	Staff	5	1	7597	14	30	16	36	7597	23379	95	0	4	2	3	10	1	386	23	32	1	11	0	20	61	
1174	Student	3	1	9045	13	55	16	26	9045	21318	170	0	4	2	8	5	1	386	27	48	2	21	4	21	61	
1331	Student	3	1	4491	8	0	8	0	0	0	0	0	0	0	0	0	2	672	28	0	0	0	0	0	61	
1181	Visitor	1	1	8281	14	11	16	29	8281	22268	345	0	4	2	4	9	1	386	28	39	1	16	2	20	61	
1136	Student	3	1	10990	13	27	16	30	10990	19617	285	79	10	1	0	5	1	384	17	54	2	26	4	22	62	
1298	Staff	5	1	1553	15	57	16	23	1553	28621	19	0	5	2	7	5	2	365	27	37	0	16	2	19	62	
1289	Visitor	1	1	2512	15	45	16	27	2512	27926	105	0	9	1	0	5	1	384	28	32	1	11	1	19	62	
1127	Student	3	1	12384	12	57	16	23	12384	17794	232	0	6	2	3	9	1	365	3	51	3	23	3	22	63	
1113	Student	3	1	12709	12	47	16	19	12709	17203	238	0	6	2	2	10	2	365	5	47	5	18	2	22	64	
1145	Student	3	1	9506	13	54	16	32	9506	21244	178	0	6	2	0	12	2	365	28	48	2	21	4	21	64	
1159	Staff	5	1	10374	13	42	16	35	10374	20514	130	0	7	1	1	2	1	354	25	56	2	26	6	22	64	
1171	Visitor	1	1	10219	13	55	16	46	10219	21312	426	0	3	2	7	6	1	386	28	48	2	21	4	21	64	
1325	Student	3	1	2875	8	0	8	0	0	0	0	0	0	0	0	0	2	672	25	0	0	0	0	0	64	
1316	Student	3	1	1475	16	23	16	47	1475	30161	28	0	3	2	4	9	1	386	23	32	2	10	1	19	64	
1169	Visitor	1	1	8760	14	18	16	44	8760	22684	365	0	11	3	1	3	1	654	27	35	1	13	1	20	64	
1328	Visitor	1	1	2840	8	0	8	0	0	0	0	0	0	0	0	0	2	672	23	0	0	0	0	0	64	
1130	Student	3	1	12268	13	5	16	29	12268	18271	230	0	5	2	3	9	1	365	2	54	6	23	3	22	65	
1142	Student	3	1	9960	14	6	16	52	9960	21942	187	0	6	2	0	12	2	365	25	43	2	18	3	20	65	
1324	Student	3	1	13251	8	0	8	0	0	0	0	0	0	0	0	0	2	672	22	0	0	0	0	0	66	
1249	Faculty	2	1	4839	15	33	16	54	4839	27189	141	0	4	2	0	13	1	386	30	33	3	8	3	19	66	
1330	Student	3	1	12700	8	0	8	0	0	0	0	0	0	0	0	0	2	672	21	0	0	0	0	0	68	
1192	Visitor	1	1	8246	14	27	16	44	8246	23210	344	0	3	2	2	11	1	386	23	32	1	11	0	20	68	
1311	Staff	5	1	366	16	42	16	48	366	31313	5	0	13	2	0	3	1	579	28	34	2	11	1	20	68	
1193	Student	3	1	8789	14	21	16	48	8789	22877	165	0	5	2	3	9	1	365	28	33	2	11	0	20	68	
1209	Faculty	2	1	6839	14	52	16	46	6839	24723	199	0	4	2	3	10	1	386	33	37	4	10	3	20	68	
1157	Student	3	1	10601	13	52	16	49	10601	21136	199	0	12	3	1	3	1	654	27	49	2	22	4	21	69	
1306	Visitor	1	1	2730	16	12	16	58	2730	29525	114	0	6	2	1	11	2	365	26	37	3	12	2	20	69	
1297	Student	3	1	3156	15	58	16	50	3156	28658	59	0	7	1	0	3	2	354	27	36	0	15	2	19	69	
1336	Faculty	2	1	1719	8	0	8	0	0	0	0	0	0	0	0	0	2	672	19	0	0	0	0	0	69	
1334	Faculty	2	1	589	16	36	16	46	589	30955	17	0	9	1	0	5	1	384	25	35	2	13	1	19	69	
1299	Staff	5	1	2223	16	20	16	57	2223	30021	28	0	11	3	1	3	2	654	23	35	3	11	2	19	72	
1338	Visitor	1	1	5584	8	0	8	0	0	0	0	0	0	0	0	0	2	672	18	0	0	0	0	0	72	
1236	Staff	5	1	6955	14	56	16	52	6955	24937	87	0	10	1	1	4	1	384	34	36	5	8	3	20	72	
1341	Visitor	1	1	3012	8	0	8	0	0	0	0	0	0	0	0	0	2	672	15	0	0	0	0	0	72	
1340	Student	3	1	238	8	0	8	0	0	0	0	0	0	0	0	0	2	672	10	0	0	0	0	0	72	
1267	Student	3	1	5254	15	26	16	54	5254	26787	99	0	9	1	1	4	1	384	31	34	3	9	3	19	72	
1345	Student	3	1	6977	8	0	8	0	0	0	0	0	0	0	0	0	2	672	8	0	0	0	0	0	72	
1344	Student	3	1	4045	8	0	8	0	0	0	0	0	0	0	0	0	2	672	16	0	0	0	0	0	72	
1347	Student	3	1	8968	8	0	8	0	0	0	0	0	0	0	0	0	2	672	13	0	0	0	0	0	72	
1189	Visitor	1	1	9687	14	26	17	7	9687	23137	404	0	4	2	3	10	1	386	25	32	1	11	0	20	72	
1206	Staff	5	1	9692	14	37	17	18	9692	23806	121	0	3	2	2	11	1	386	25	36	1	12	3	20	73	
1218	Faculty	2	1	7870	14	57	17	8	7870	25017	230	0	4	2	1	12	1	386	33	35	4	8	3	20	73	
1154	Student	3	1	13016	13	45	17	22	13016	20716	244	0	1	4	10	1	1	672	26	54	3	25	5	21	74	
1348	Visitor	1	1	3357	8	0	8	0	0	0	0	0	0	0	0	0	2	672	9	0	0	0	0	0	74	
1356	Visitor	1	1	900	8	0	8	0	0	0	0	0	0	0	0	0	2	672	7	0	0	0	0	0	74	
1343	Student	3	1	12958	8	0	8	0	0	0	0	0	0	0	0	0	2	672	6	0	0	0	0	0	74	
1270	Faculty	2	1	5857	15	28	17	6	5857	26883	171	0	9	1	1	4	1	384	31	32	2	8	3	19	74	
1309	Visitor	1	1	4876	16	1	17	22	4876	28841	203	0	5	2	5	7	1	365	27	39	1	17	2	19	74	
1346	Faculty	2	1	451	17	1	17	8	451	32434	13	0	4	2	2	11	1	386	19	39	4	12	3	20	74	
1245	Student	3	1	5718	15	44	17	20	5718	27854	107	0	12	3	0	4	2	654	29	32	1	11	1	19	74	
1360	Visitor	1	1	9712	8	0	8	0	0	0	0	0	0	0	0	0	2	672	3	0	0	0	0	0	74	
1323	Visitor	1	1	2722	16	27	17	12	2722	30424	113	0	3	2	4	9	1	386	21	35	2	13	1	19	74	
1321	Visitor	1	1	3788	16	17	17	20	3788	29833	158	0	3	2	6	7	1	386	24	38	4	12	3	19	74	
1359	Student	3	1	994	17	3	17	20	994	32605	19	0	9	1	0	5	1	384	19	37	3	11	3	20	74	
1366	Student	3	1	7170	8	0	8	0	0	0	0	0	0	0	0	0	2	672	3	0	0	0	0	0	74	
1365	Faculty	2	1	631	17	23	17	34	631	33785	18	0	3	2	4	9	1	386	4	43	5	14	3	21	74	
1329	Visitor	1	1	2306	16	44	17	22	2306	31421	96	0	9	1	0	5	1	384	27	32	1	11	0	20	74	
1225	Student	3	1	8881	15	0	17	28	8881	25223	167	0	5	2	3	9	1	365	33	35	2	10	3	20	74	
1195	Staff	5	1	11897	14	19	17	38	11897	22762	149	0	6	2	1	11	1	365	27	34	2	12	0	20	74	
1300	Staff	5	1	5310	16	15	17	43	5310	29691	66	0	1	4	9	2	1	672	25	37	4	11	3	19	74	
1222	Faculty	2	1	9764	14	59	17	41	9764	25117	285	0	6	2	0	12	2	365	34	35	2	10	3	20	74	
1185	Student	3	1	12077	14	21	17	43	12077	22881	226	0	4	2	3	10	1	386	26	33	2	11	0	20	74	
1207	Staff	5	1	9314	14	56	17	31	9314	24956	116	0	5	2	2	10	2	365	33	35	4	8	3	20	74	
1281	Student	3	1	4485	16	17	17	31	4485	29793	84	0	5	2	2	10	2	365	26	38	4	12	3	19	74	
1203	Staff	5	1	11106	14	31	17	36	11106	23433	266	127	10	1	0	5	1	384	22	32	1	11	0	20	74	
1242	Student	3	1	9375	15	1	17	37	9375	25273	176	0	8	1	0	3	1	354	33	36	2	11	3	20	74	
1308	Faculty	2	1	3949	16	31	17	36	3949	30631	115	0	6	2	1	11	1	365	22	36	2	14	1	19	74	
1295	Faculty	2	1	3877	16	34	17	39	3877	30851	113	0	13	2	2	1	2	579	24	36	2	14	1	19	74	
1240	Faculty	2	1	9325	15	5	17	40	9325	25480	272	0	4	2	1	12	1	386	34	35	2	11	2	20	74	
1290	Faculty	2	1	4457	16	25	17	40	4457	30317	130	0	6	2	1	11	2	365	23	34	2	12	1	19	74	
1277	Faculty	2	1	7596	15	29	17	35	7596	26929	222	0	10	1	0	5	1	384	31	32	2	8	3	19	74	
1259	Faculty	2	1	9049	15	15	17	46	9049	26102	264	0	4	2	0	13	1	386	35	36	2	12	3	19	74	
1307	Faculty	2	1	5291	16	26	17	54	5291	30358	154	0	11	3	0	4	2	654	22	34	2	12	1	19	74	
1314	Student	3	1	5848	16	17	17	55	5848	29828	110	0	6	2	0	12	1	365	25	38	4	12	3	19	74	
1312	Student	3	1	6497	16	20	18	8	6497	29982	122	0	5	2	2	10	1	365	24	35	3	11	2	19	74	
1361	Student	3	1	3009	17	10	17	60	3009	32973	56	0	9	1	0	5	1	384	14	38	3	12	3	20	74	
1269	Staff	5	1	9695	15	32	18	14	9695	27115	121	0	3	2	1	12	1	386	31	33	3	8	3	19	74	
1373	Faculty	2	1	1049	17	50	18	8	1049	35408	31	0	8	1	0	3	1	354	1	54	4	25	3	22	74	
1368	Visitor	1	1	2258	17	30	18	8	2258	34206	94	0	3	2	4	9	1	386	2	45	6	15	3	21	74	
1276	Student	3	1	9315	15	48	18	23	9315	28093	175	0	3	2	1	12	1	386	28	34	1	12	2	19	74	
1332	Faculty	2	1	5690	16	39	18	14	5690	31162	166	0	10	1	1	4	1	384	25	34	2	11	1	20	74	
1377	Faculty	2	1	432	18	0	18	7	432	36016	13	0	6	2	5	7	1	365	7	55	4	25	4	22	74	
1208	Staff	5	1	13438	14	41	18	25	13438	24049	168	0	3	2	2	11	1	386	28	39	3	13	3	20	74	
1350	Faculty	2	1	5017	16	53	18	16	5017	31967	146	0	6	2	1	11	1	365	20	37	3	12	2	20	74	
1362	Student	3	1	4931	17	13	18	35	4931	33170	92	0	3	2	2	11	1	386	11	38	4	11	3	20	74	
1380	Staff	5	1	822	18	11	18	24	822	36646	10	0	10	1	0	5	1	384	9	53	3	24	4	22	74	
1315	Student	3	1	7288	16	27	18	29	7288	30447	137	0	7	1	0	3	2	354	20	35	2	13	1	19	74	
1374	Student	3	1	2285	17	50	18	29	2285	35429	43	0	9	1	0	5	1	384	1	54	4	25	3	22	74	
1333	Visitor	1	1	7306	16	38	18	40	7306	31079	304	0	3	2	3	10	1	386	27	35	2	12	1	20	74	
1238	Student	3	1	13542	14	54	18	39	13542	24824	254	0	4	2	3	10	1	386	33	37	4	10	3	20	74	
1293	Visitor	1	1	9373	15	56	18	33	9373	28587	391	0	8	1	0	3	2	354	27	35	0	14	2	19	74	
1260	Student	3	1	10569	15	37	18	34	10569	27449	198	0	12	3	0	4	1	654	26	30	1	9	1	19	74	
1224	Staff	5	1	11865	15	13	18	31	11865	25984	148	0	6	2	1	11	2	365	33	35	1	12	3	19	74	
1372	Faculty	2	1	3068	17	45	18	36	3068	35103	89	0	7	1	1	2	1	354	3	55	5	25	3	22	74	
1327	Visitor	1	1	6913	16	32	18	27	6913	30702	288	0	6	2	1	11	2	365	23	37	3	14	1	19	74	
1383	Student	3	1	442	18	32	18	40	442	37949	8	0	5	2	2	10	2	365	8	55	5	24	4	22	74	
946	Prin	4	1	10748	8	0	8	0	0	0	0	0	0	2	0	0	1	672	6	0	0	0	0	0	75	
1355	Visitor	1	1	6155	17	4	18	46	6155	32617	256	0	4	2	2	11	1	386	19	37	3	11	3	20	75	
1335	Faculty	2	1	8127	16	44	18	59	8127	31435	237	0	5	2	1	11	1	365	26	31	1	10	0	20	75	
1382	Visitor	1	1	2345	18	14	18	53	2345	36826	98	0	10	1	0	5	1	384	9	52	2	24	4	22	75	
1226	Staff	5	1	13412	15	12	18	55	13412	25903	168	0	11	3	0	4	1	654	36	34	1	12	2	19	75	
1357	Student	3	1	7472	16	58	19	3	7472	32293	140	0	3	2	5	8	1	386	21	39	5	11	3	20	75	
1339	Staff	5	1	7531	16	49	18	55	7531	31755	94	0	10	1	0	5	1	384	24	35	1	13	1	20	75	
1401	Visitor	1	1	4996	8	0	8	0	0	0	0	0	0	0	0	0	2	672	3	0	0	0	0	0	75	
1396	Staff	5	1	405	18	33	18	40	405	38006	5	0	6	2	3	9	1	365	8	55	5	24	4	22	76	
1375	Faculty	2	1	3112	17	50	18	41	3112	35375	91	0	5	2	5	7	1	365	2	54	4	25	3	22	76	
1389	Visitor	1	1	1790	18	30	18	60	1790	37787	75	0	6	2	3	9	2	365	8	55	5	24	4	22	76	
1287	Faculty	2	1	8853	16	38	19	6	8853	31088	258	0	13	2	0	3	2	579	26	35	2	12	1	20	76	
1239	Staff	5	1	14621	14	60	19	3	14621	25181	183	0	4	2	1	12	1	386	34	35	2	10	3	20	76	
1404	Visitor	1	1	10098	8	0	8	0	0	0	0	0	0	0	0	0	2	672	2	0	0	0	0	0	76	
1351	Staff	5	1	8141	16	60	19	15	8141	32374	102	0	6	2	2	10	1	365	20	40	5	12	3	20	76	
1302	Staff	5	1	11996	16	7	19	27	11996	29232	150	0	5	2	2	10	2	365	26	38	2	14	2	20	76	
1285	Student	3	1	13066	15	37	19	15	13066	27417	1189	944	9	1	0	5	1	384	26	31	1	9	2	19	76	
1395	Student	3	1	2574	18	41	19	24	2574	38489	48	0	9	1	1	4	1	384	6	58	4	27	5	22	76	
1385	Visitor	1	1	4120	18	18	19	26	4120	37062	172	0	6	2	3	9	1	365	7	53	3	24	4	22	76	
1342	Student	3	1	10532	16	39	19	35	10532	31142	197	0	5	2	2	10	1	365	26	34	2	11	1	20	76	
1353	Student	3	1	9910	16	50	19	35	9910	31811	186	0	4	2	3	10	1	386	23	34	1	12	1	20	76	
1278	Student	3	1	12851	16	26	8	0	0	30359	0	0	6	2	1	11	2	365	21	34	2	12	1	19	0	
1304	Student	3	1	14371	16	13	8	0	0	29553	0	0	5	2	2	10	2	365	25	36	3	11	2	20	0	
1318	Visitor	1	1	10494	17	4	19	59	10494	32623	437	0	5	2	2	10	2	365	17	37	3	11	3	20	0	
1319	Staff	5	1	11452	16	47	19	58	11452	31603	143	0	12	3	0	4	1	654	24	32	1	10	1	20	0	
1322	Staff	5	1	14187	16	25	8	0	0	30290	0	0	8	1	0	3	1	354	24	34	2	12	1	19	0	
1349	Student	3	1	9964	17	11	19	57	9964	33081	187	0	4	2	4	9	1	386	12	38	4	11	3	20	0	
1352	Visitor	1	1	10010	17	18	8	0	0	33494	0	0	11	3	1	3	2	654	5	36	4	10	2	20	0	
1354	Staff	5	1	11215	17	6	8	0	0	32733	0	0	6	2	1	11	2	365	16	37	3	11	3	20	0	
1367	Student	3	1	14259	17	27	8	0	0	34010	0	0	3	2	4	9	1	386	3	44	6	14	3	21	0	
1370	Student	3	1	9709	17	44	8	0	0	35056	0	0	9	1	0	5	1	384	4	55	5	25	3	22	0	
1371	Staff	5	1	10839	17	40	8	0	0	34825	0	0	9	1	1	4	1	384	5	53	7	22	3	21	0	
1378	Staff	5	1	12734	18	10	8	0	0	36581	0	0	6	2	3	9	1	365	10	53	3	24	4	22	0	
1379	Student	3	1	11754	18	7	8	0	0	36424	0	0	10	1	2	3	1	384	11	53	4	23	4	22	0	
1384	Visitor	1	1	5827	18	37	8	0	0	38232	0	0	5	2	2	10	2	365	7	57	5	25	5	22	0	
1386	Student	3	1	8215	18	18	8	0	0	37059	0	0	6	2	3	9	1	365	8	53	3	24	4	22	0	
1387	Student	3	1	12743	18	19	8	0	0	37127	0	0	5	2	4	8	1	365	6	54	3	25	4	22	0	
1388	Visitor	1	1	8717	18	23	8	0	0	37407	0	0	5	2	2	10	1	365	6	51	3	22	4	22	0	
1390	Faculty	2	1	9672	18	17	8	0	0	37031	0	0	8	1	0	3	1	354	9	53	3	24	4	22	0	
1391	Student	3	1	12655	18	39	8	0	0	38323	0	0	6	2	3	9	1	365	6	56	4	25	5	22	0	
1392	Faculty	2	1	8183	18	34	8	0	0	38039	0	0	10	1	1	4	1	384	7	56	6	24	4	22	0	
1394	Staff	5	1	13739	18	43	8	0	0	38589	0	0	7	1	2	1	2	354	5	59	4	28	5	22	0	
1397	Staff	5	1	11874	18	58	8	0	0	39470	0	0	6	2	3	9	1	365	4	63	6	29	6	22	0	
1398	Student	3	1	5989	18	40	8	0	0	38390	0	0	8	1	0	3	1	354	6	57	5	25	5	22	0	
1399	Student	3	1	3541	19	10	8	0	0	40228	0	0	11	3	1	3	1	654	3	64	6	32	4	22	0	
1400	Student	3	1	4305	19	5	8	0	0	39888	0	0	11	3	2	2	1	654	3	65	6	32	5	22	0	
1402	Faculty	2	1	3772	18	55	19	58	3772	39292	110	0	5	2	3	9	1	365	5	61	5	29	5	22	0	
1403	Student	3	1	8044	19	1	8	0	0	39633	0	0	6	2	2	10	2	365	4	63	6	29	6	22	0	
1408	Visitor	1	1	2724	19	19	8	0	0	40737	0	0	10	1	1	4	1	384	3	64	5	33	4	22	0	
1409	Faculty	2	1	6774	19	12	8	0	0	40338	0	0	5	2	3	9	1	365	2	64	6	32	4	22	0	
1410	Staff	5	1	4010	19	22	8	0	0	40934	0	0	10	1	1	4	1	384	1	64	5	33	4	22	0	
1412	Staff	5	1	9657	19	25	8	0	0	41079	0	0	9	1	1	4	1	384	0	63	4	33	4	22	0	
1413	Staff	5	1	12791	19	31	8	0	0	41477	0	0	6	2	4	8	1	365	2	65	5	34	4	22	0	
1414	Student	3	1	2665	19	44	8	0	0	42241	0	0	9	1	0	5	1	384	0	64	3	35	4	22	0	
1415	Visitor	1	1	888	19	38	19	53	888	41873	37	0	5	2	4	8	1	365	1	65	4	35	4	22	0	
1416	Faculty	2	1	2272	19	49	8	0	0	42538	0	0	9	1	0	5	1	384	0	64	3	35	4	22	0	
1417	Staff	5	1	4731	8	0	8	0	0	0	0	0	0	0	0	0	1	672	0	0	0	0	0	0	0	
1418	Student	3	1	8210	19	58	8	0	0	43101	0	0	5	2	4	8	1	365	3	65	3	36	4	22	0	
1419	Visitor	1	1	8581	8	0	8	0	0	0	0	0	0	0	0	0	1	672	0	0	0	0	0	0	0	
1421	Visitor	1	1	6309	8	0	8	0	0	0	0	0	0	0	0	0	1	672	0	0	0	0	0	0	0	
1422	Staff	5	1	10771	19	60	8	0	0	43184	0	0	5	2	4	8	1	365	2	65	3	35	5	22	0	
1424	Staff	5	1	14224	8	0	8	0	0	0	0	0	0	0	0	0	1	672	0	0	0	0	0	0	0	
1425	Student	3	1	12790	8	0	8	0	0	0	0	0	0	0	0	0	1	672	0	0	0	0	0	0	0	
